-4.23077; -3.57143
-4.23077; -3.57143
-4.23077; -3.57143
-4.23077; -3.57143
-3.46154; -2.14286
-3.46154; -2.14286
-3.46154; -2.14286
-3.46154; -2.14286
-2.69231; -0.714286
-2.69231; -0.714286
-2.69231; -0.714286
-2.69231; -0.714286
-1.92308; 0.714286
-1.92308; 0.714286
-1.92308; 0.714286
-1.92308; 0.714286
-1.15385; 2.14286
-1.15385; 2.14286
-1.15385; 2.14286
-1.15385; 2.14286
1.15385; -3.36735
1.15385; -3.36735
1.15385; -3.36735
1.15385; -3.36735
1.92308; -1.93878
1.92308; -1.93878
1.92308; -1.93878
1.92308; -1.93878
2.69231; -0.510204
2.69231; -0.510204
2.69231; -0.510204
2.69231; -0.510204
3.46154; 0.918367
3.46154; 0.918367
3.46154; 0.918367
3.46154; 0.918367
4.23077; 2.34694
4.23077; 2.34694
4.23077; 2.34694
4.23077; 2.34694
-4.94083; 3.77551
-4.94083; 3.77551
-4.94083; 3.77551
-4.94083; 3.77551
-4.1716; -4.59184
-4.1716; -4.59184
-4.1716; -4.59184
-4.1716; -4.59184
-3.40237; -3.16327
-3.40237; -3.16327
-3.40237; -3.16327
-3.40237; -3.16327
-2.63314; -1.73469
-2.63314; -1.73469
-2.63314; -1.73469
-2.63314; -1.73469
-1.86391; -0.306122
-1.86391; -0.306122
-1.86391; -0.306122
-1.86391; -0.306122
-1.09467; 1.12245
-1.09467; 1.12245
-1.09467; 1.12245
-1.09467; 1.12245
-0.325444; 2.55102
-0.325444; 2.55102
-0.325444; 2.55102
-0.325444; 2.55102
1.21302; -4.38775
1.21302; -4.38775
1.21302; -4.38775
1.21302; -4.38775
1.98225; -2.95918
1.98225; -2.95918
1.98225; -2.95918
1.98225; -2.95918
2.75148; -1.53061
2.75148; -1.53061
2.75148; -1.53061
2.75148; -1.53061
3.52071; -0.102041
3.52071; -0.102041
3.52071; -0.102041
3.52071; -0.102041
4.28994; 1.32653
4.28994; 1.32653
4.28994; 1.32653
4.28994; 1.32653
-4.88166; 2.7551
-4.88166; 2.7551
-4.88166; 2.7551
-4.88166; 2.7551
-4.11243; 4.18367
-4.11243; 4.18367
-4.11243; 4.18367
-4.11243; 4.18367
-3.3432; -4.18367
-3.3432; -4.18367
-3.3432; -4.18367
-3.3432; -4.18367
-2.57396; -2.7551
-2.57396; -2.7551
-2.57396; -2.7551
-2.57396; -2.7551
-1.80473; -1.32653
-1.80473; -1.32653
-1.80473; -1.32653
-1.80473; -1.32653
-1.0355; 0.102041
-1.0355; 0.102041
-1.0355; 0.102041
-1.0355; 0.102041
0.502959; 2.95918
0.502959; 2.95918
0.502959; 2.95918
0.502959; 2.95918
2.04142; -3.97959
2.04142; -3.97959
2.04142; -3.97959
2.04142; -3.97959
2.81065; -2.55102
2.81065; -2.55102
2.81065; -2.55102
2.81065; -2.55102
3.57988; -1.12245
3.57988; -1.12245
3.57988; -1.12245
3.57988; -1.12245
4.34911; 0.306122
4.34911; 0.306122
4.34911; 0.306122
4.34911; 0.306122
-4.82248; 1.73469
-4.82248; 1.73469
-4.82248; 1.73469
-4.82248; 1.73469
-4.05325; 3.16327
-4.05325; 3.16327
-4.05325; 3.16327
-4.05325; 3.16327
-3.28402; 4.59184
-3.28402; 4.59184
-3.28402; 4.59184
-3.28402; 4.59184
-2.51479; -3.77551
-2.51479; -3.77551
-2.51479; -3.77551
-2.51479; -3.77551
-1.74556; -2.34694
-1.74556; -2.34694
-1.74556; -2.34694
-1.74556; -2.34694
2.10059; 4.79592
2.10059; 4.79592
2.10059; 4.79592
2.10059; 4.79592
2.86982; -4.97085
2.86982; -4.97085
2.86982; -4.97085
2.86982; -4.97085
3.63905; -3.54227
3.63905; -3.54227
3.63905; -3.54227
3.63905; -3.54227
4.40828; -2.1137
4.40828; -2.1137
4.40828; -2.1137
4.40828; -2.1137
-4.76331; -0.685131
-4.76331; -0.685131
-4.76331; -0.685131
-4.76331; -0.685131
-3.99408; 0.743441
-3.99408; 0.743441
-3.99408; 0.743441
-3.99408; 0.743441
-3.22485; 2.17201
-3.22485; 2.17201
-3.22485; 2.17201
-3.22485; 2.17201
-2.45562; 3.60058
-2.45562; 3.60058
-2.45562; 3.60058
-2.45562; 3.60058
-1.68639; -4.76676
-1.68639; -4.76676
-1.68639; -4.76676
-1.68639; -4.76676
1.39053; 0.947522
1.39053; 0.947522
1.39053; 0.947522
1.39053; 0.947522
2.15976; 2.37609
2.15976; 2.37609
2.15976; 2.37609
2.15976; 2.37609
2.92899; 3.80466
2.92899; 3.80466
2.92899; 3.80466
2.92899; 3.80466
3.69823; -4.56268
3.69823; -4.56268
3.69823; -4.56268
3.69823; -4.56268
4.46746; -3.13411
4.46746; -3.13411
4.46746; -3.13411
4.46746; -3.13411
-4.70414; -1.70554
-4.70414; -1.70554
-4.70414; -1.70554
-4.70414; -1.70554
-3.93491; -0.276968
-3.93491; -0.276968
-3.93491; -0.276968
-3.93491; -0.276968
-3.16568; 1.1516
-3.16568; 1.1516
-3.16568; 1.1516
-3.16568; 1.1516
-2.39645; 2.58017
-2.39645; 2.58017
-2.39645; 2.58017
-2.39645; 2.58017
1.4497; -0.0728865
1.4497; -0.0728865
1.4497; -0.0728865
1.4497; -0.0728865
2.21894; 1.35569
2.21894; 1.35569
2.21894; 1.35569
2.21894; 1.35569
2.98817; 2.78426
2.98817; 2.78426
2.98817; 2.78426
2.98817; 2.78426
3.7574; 4.21283
3.7574; 4.21283
3.7574; 4.21283
3.7574; 4.21283
4.52663; -4.15452
4.52663; -4.15452
4.52663; -4.15452
4.52663; -4.15452
-4.64497; -2.72595
-4.64497; -2.72595
-4.64497; -2.72595
-4.64497; -2.72595
-3.87574; -1.29738
-3.87574; -1.29738
-3.87574; -1.29738
-3.87574; -1.29738
-3.10651; 0.131195
-3.10651; 0.131195
-3.10651; 0.131195
-3.10651; 0.131195
-2.33728; 1.55977
-2.33728; 1.55977
-2.33728; 1.55977
-2.33728; 1.55977
-1.56805; 2.98834
-1.56805; 2.98834
-1.56805; 2.98834
-1.56805; 2.98834
1.50888; -1.09329
1.50888; -1.09329
1.50888; -1.09329
1.50888; -1.09329
2.27811; 0.335277
2.27811; 0.335277
2.27811; 0.335277
2.27811; 0.335277
3.04734; 1.76385
3.04734; 1.76385
3.04734; 1.76385
3.04734; 1.76385
3.81657; 3.19242
3.81657; 3.19242
3.81657; 3.19242
3.81657; 3.19242
4.5858; 4.62099
4.5858; 4.62099
4.5858; 4.62099
4.5858; 4.62099
-4.5858; -3.74636
-4.5858; -3.74636
-4.5858; -3.74636
-4.5858; -3.74636
-3.81657; -2.31778
-3.81657; -2.31778
-3.81657; -2.31778
-3.81657; -2.31778
-3.04734; -0.889213
-3.04734; -0.889213
-3.04734; -0.889213
-3.04734; -0.889213
-2.27811; 0.539358
-2.27811; 0.539358
-2.27811; 0.539358
-2.27811; 0.539358
-1.50888; 1.96793
-1.50888; 1.96793
-1.50888; 1.96793
-1.50888; 1.96793
1.56805; -3.51312
1.56805; -3.51312
1.56805; -3.51312
1.56805; -3.51312
2.33728; -2.08455
2.33728; -2.08455
2.33728; -2.08455
2.33728; -2.08455
3.10651; -0.655976
3.10651; -0.655976
3.10651; -0.655976
3.10651; -0.655976
3.87574; 0.772595
3.87574; 0.772595
3.87574; 0.772595
3.87574; 0.772595
4.64497; 2.20117
4.64497; 2.20117
4.64497; 2.20117
4.64497; 2.20117
-4.52663; 3.62974
-4.52663; 3.62974
-4.52663; 3.62974
-4.52663; 3.62974
-3.7574; -4.73761
-3.7574; -4.73761
-3.7574; -4.73761
-3.7574; -4.73761
-2.98817; -3.30904
-2.98817; -3.30904
-2.98817; -3.30904
-2.98817; -3.30904
-2.21894; -1.88047
-2.21894; -1.88047
-2.21894; -1.88047
-2.21894; -1.88047
-1.4497; -0.451895
-1.4497; -0.451895
-1.4497; -0.451895
-1.4497; -0.451895
0.0887575; 2.40525
0.0887575; 2.40525
0.0887575; 2.40525
0.0887575; 2.40525
1.62722; -4.53353
1.62722; -4.53353
1.62722; -4.53353
1.62722; -4.53353
2.39645; -3.10496
2.39645; -3.10496
2.39645; -3.10496
2.39645; -3.10496
3.16568; -1.67638
3.16568; -1.67638
3.16568; -1.67638
3.16568; -1.67638
3.93491; -0.247813
3.93491; -0.247813
3.93491; -0.247813
3.93491; -0.247813
4.70414; 1.18076
4.70414; 1.18076
4.70414; 1.18076
4.70414; 1.18076
-4.46746; 2.60933
-4.46746; 2.60933
-4.46746; 2.60933
-4.46746; 2.60933
-3.69823; 4.0379
-3.69823; 4.0379
-3.69823; 4.0379
-3.69823; 4.0379
-2.92899; -4.32945
-2.92899; -4.32945
-2.92899; -4.32945
-2.92899; -4.32945
-2.15976; -2.90087
-2.15976; -2.90087
-2.15976; -2.90087
-2.15976; -2.90087
-1.39053; -1.4723
-1.39053; -1.4723
-1.39053; -1.4723
-1.39053; -1.4723
0.91716; 2.81341
0.91716; 2.81341
0.91716; 2.81341
0.91716; 2.81341
2.45562; -4.12536
2.45562; -4.12536
2.45562; -4.12536
2.45562; -4.12536
3.22485; -2.69679
3.22485; -2.69679
3.22485; -2.69679
3.22485; -2.69679
3.99408; -1.26822
3.99408; -1.26822
3.99408; -1.26822
3.99408; -1.26822
4.76331; 0.16035
4.76331; 0.16035
4.76331; 0.16035
4.76331; 0.16035
-4.40828; 1.58892
-4.40828; 1.58892
-4.40828; 1.58892
-4.40828; 1.58892
-3.63905; 3.01749
-3.63905; 3.01749
-3.63905; 3.01749
-3.63905; 3.01749
-2.86982; 4.44606
-2.86982; 4.44606
-2.86982; 4.44606
-2.86982; 4.44606
-2.10059; -3.92128
-2.10059; -3.92128
-2.10059; -3.92128
-2.10059; -3.92128
-1.33136; -2.49271
-1.33136; -2.49271
-1.33136; -2.49271
-1.33136; -2.49271
2.51479; 4.65015
2.51479; 4.65015
2.51479; 4.65015
2.51479; 4.65015
3.28402; -3.7172
3.28402; -3.7172
3.28402; -3.7172
3.28402; -3.7172
4.05326; -2.28863
4.05326; -2.28863
4.05326; -2.28863
4.05326; -2.28863
4.82248; -0.860058
4.82248; -0.860058
4.82248; -0.860058
4.82248; -0.860058
-4.34911; 0.568513
-4.34911; 0.568513
-4.34911; 0.568513
-4.34911; 0.568513
-3.57988; 1.99708
-3.57988; 1.99708
-3.57988; 1.99708
-3.57988; 1.99708
-2.81065; 3.42566
-2.81065; 3.42566
-2.81065; 3.42566
-2.81065; 3.42566
-2.04142; 4.85423
-2.04142; 4.85423
-2.04142; 4.85423
-2.04142; 4.85423
-1.27219; -4.91254
-1.27219; -4.91254
-1.27219; -4.91254
-1.27219; -4.91254
1.0355; -0.626822
1.0355; -0.626822
1.0355; -0.626822
1.0355; -0.626822
1.80473; 0.801749
1.80473; 0.801749
1.80473; 0.801749
1.80473; 0.801749
2.57396; 2.23032
2.57396; 2.23032
2.57396; 2.23032
2.57396; 2.23032
3.34319; 3.65889
3.34319; 3.65889
3.34319; 3.65889
3.34319; 3.65889
4.11243; -4.70845
4.11243; -4.70845
4.11243; -4.70845
4.11243; -4.70845
4.88166; -3.27988
4.88166; -3.27988
4.88166; -3.27988
4.88166; -3.27988
-4.28994; -1.85131
-4.28994; -1.85131
-4.28994; -1.85131
-4.28994; -1.85131
-3.52071; -0.42274
-3.52071; -0.42274
-3.52071; -0.42274
-3.52071; -0.42274
-2.75148; 1.00583
-2.75148; 1.00583
-2.75148; 1.00583
-2.75148; 1.00583
-1.98225; 2.4344
-1.98225; 2.4344
-1.98225; 2.4344
-1.98225; 2.4344
1.09468; -1.64723
1.09468; -1.64723
1.09468; -1.64723
1.09468; -1.64723
1.86391; -0.218659
1.86391; -0.218659
1.86391; -0.218659
1.86391; -0.218659
2.63314; 1.20991
2.63314; 1.20991
2.63314; 1.20991
2.63314; 1.20991
3.40237; 2.63848
3.40237; 2.63848
3.40237; 2.63848
3.40237; 2.63848
4.1716; 4.06705
4.1716; 4.06705
4.1716; 4.06705
4.1716; 4.06705
4.94083; -4.30029
4.94083; -4.30029
4.94083; -4.30029
4.94083; -4.30029
-4.99545; -2.87172
-4.99545; -2.87172
-4.99545; -2.87172
-4.99545; -2.87172
-4.22622; -1.44315
-4.22622; -1.44315
-4.22622; -1.44315
-4.22622; -1.44315
-3.45699; -0.0145774
-3.45699; -0.0145774
-3.45699; -0.0145774
-3.45699; -0.0145774
-2.68776; 1.41399
-2.68776; 1.41399
-2.68776; 1.41399
-2.68776; 1.41399
-1.91853; 2.84257
-1.91853; 2.84257
-1.91853; 2.84257
-1.91853; 2.84257
1.1584; -1.23907
1.1584; -1.23907
1.1584; -1.23907
1.1584; -1.23907
1.92763; 0.189504
1.92763; 0.189504
1.92763; 0.189504
1.92763; 0.189504
2.69686; 1.61808
2.69686; 1.61808
2.69686; 1.61808
2.69686; 1.61808
3.46609; 3.04665
3.46609; 3.04665
3.46609; 3.04665
3.46609; 3.04665
4.23532; 4.47522
4.23532; 4.47522
4.23532; 4.47522
4.23532; 4.47522
-4.93628; -3.89213
-4.93628; -3.89213
-4.93628; -3.89213
-4.93628; -3.89213
-4.16705; -2.46356
-4.16705; -2.46356
-4.16705; -2.46356
-4.16705; -2.46356
-3.39782; -1.03499
-3.39782; -1.03499
-3.39782; -1.03499
-3.39782; -1.03499
-2.62858; 0.393586
-2.62858; 0.393586
-2.62858; 0.393586
-2.62858; 0.393586
-1.85935; 1.82216
-1.85935; 1.82216
-1.85935; 1.82216
-1.85935; 1.82216
1.21757; -2.25948
1.21757; -2.25948
1.21757; -2.25948
1.21757; -2.25948
1.9868; -0.830904
1.9868; -0.830904
1.9868; -0.830904
1.9868; -0.830904
2.75603; 0.597667
2.75603; 0.597667
2.75603; 0.597667
2.75603; 0.597667
3.52526; 2.02624
3.52526; 2.02624
3.52526; 2.02624
3.52526; 2.02624
4.29449; 3.45481
4.29449; 3.45481
4.29449; 3.45481
4.29449; 3.45481
-4.87711; 4.88338
-4.87711; 4.88338
-4.87711; 4.88338
-4.87711; 4.88338
-4.10787; -4.88338
-4.10787; -4.88338
-4.10787; -4.88338
-4.10787; -4.88338
-3.33864; -3.45481
-3.33864; -3.45481
-3.33864; -3.45481
-3.33864; -3.45481
-2.56941; -2.02624
-2.56941; -2.02624
-2.56941; -2.02624
-2.56941; -2.02624
-1.80018; -0.597668
-1.80018; -0.597668
-1.80018; -0.597668
-1.80018; -0.597668
-1.03095; 0.830904
-1.03095; 0.830904
-1.03095; 0.830904
-1.03095; 0.830904
-0.261721; 2.25948
-0.261721; 2.25948
-0.261721; 2.25948
-0.261721; 2.25948
1.27674; -4.6793
1.27674; -4.6793
1.27674; -4.6793
1.27674; -4.6793
2.04597; -3.25073
2.04597; -3.25073
2.04597; -3.25073
2.04597; -3.25073
2.8152; -1.82216
2.8152; -1.82216
2.8152; -1.82216
2.8152; -1.82216
3.58443; -0.393586
3.58443; -0.393586
3.58443; -0.393586
3.58443; -0.393586
4.35366; 1.03499
4.35366; 1.03499
4.35366; 1.03499
4.35366; 1.03499
-4.81793; 2.46356
-4.81793; 2.46356
-4.81793; 2.46356
-4.81793; 2.46356
-4.0487; 3.89213
-4.0487; 3.89213
-4.0487; 3.89213
-4.0487; 3.89213
-3.27947; -4.47522
-3.27947; -4.47522
-3.27947; -4.47522
-3.27947; -4.47522
-2.51024; -3.04665
-2.51024; -3.04665
-2.51024; -3.04665
-2.51024; -3.04665
-1.74101; -1.61808
-1.74101; -1.61808
-1.74101; -1.61808
-1.74101; -1.61808
0.566682; 2.66764
0.566682; 2.66764
0.566682; 2.66764
0.566682; 2.66764
2.10514; -4.27114
2.10514; -4.27114
2.10514; -4.27114
2.10514; -4.27114
2.87437; -2.84257
2.87437; -2.84257
2.87437; -2.84257
2.87437; -2.84257
3.6436; -1.41399
3.6436; -1.41399
3.6436; -1.41399
3.6436; -1.41399
4.41284; 0.0145774
4.41284; 0.0145774
4.41284; 0.0145774
4.41284; 0.0145774
-4.75876; 1.44315
-4.75876; 1.44315
-4.75876; 1.44315
-4.75876; 1.44315
-3.98953; 2.87172
-3.98953; 2.87172
-3.98953; 2.87172
-3.98953; 2.87172
-3.2203; 4.30029
-3.2203; 4.30029
-3.2203; 4.30029
-3.2203; 4.30029
-2.45107; -4.06706
-2.45107; -4.06706
-2.45107; -4.06706
-2.45107; -4.06706
-1.68184; -2.63848
-1.68184; -2.63848
-1.68184; -2.63848
-1.68184; -2.63848
2.16432; 4.50437
2.16432; 4.50437
2.16432; 4.50437
2.16432; 4.50437
2.93355; -3.86297
2.93355; -3.86297
2.93355; -3.86297
2.93355; -3.86297
3.70278; -2.4344
3.70278; -2.4344
3.70278; -2.4344
3.70278; -2.4344
4.47201; -1.00583
4.47201; -1.00583
4.47201; -1.00583
4.47201; -1.00583
-4.69959; 0.42274
-4.69959; 0.42274
-4.69959; 0.42274
-4.69959; 0.42274
-3.93036; 1.85131
-3.93036; 1.85131
-3.93036; 1.85131
-3.93036; 1.85131
-3.16113; 3.27988
-3.16113; 3.27988
-3.16113; 3.27988
-3.16113; 3.27988
-2.3919; 4.70846
-2.3919; 4.70846
-2.3919; 4.70846
-2.3919; 4.70846
-1.62267; -3.65889
-1.62267; -3.65889
-1.62267; -3.65889
-1.62267; -3.65889
1.45426; 2.05539
1.45426; 2.05539
1.45426; 2.05539
1.45426; 2.05539
2.22349; 3.48396
2.22349; 3.48396
2.22349; 3.48396
2.22349; 3.48396
2.99272; 4.91254
2.99272; 4.91254
2.99272; 4.91254
2.99272; 4.91254
3.76195; -4.85423
3.76195; -4.85423
3.76195; -4.85423
3.76195; -4.85423
4.53118; -3.42566
4.53118; -3.42566
4.53118; -3.42566
4.53118; -3.42566
-4.64042; -1.99708
-4.64042; -1.99708
-4.64042; -1.99708
-4.64042; -1.99708
-3.87119; -0.568513
-3.87119; -0.568513
-3.87119; -0.568513
-3.87119; -0.568513
-3.10196; 0.860059
-3.10196; 0.860059
-3.10196; 0.860059
-3.10196; 0.860059
-2.33273; 2.28863
-2.33273; 2.28863
-2.33273; 2.28863
-2.33273; 2.28863
1.51343; -0.364431
1.51343; -0.364431
1.51343; -0.364431
1.51343; -0.364431
2.28266; 1.06414
2.28266; 1.06414
2.28266; 1.06414
2.28266; 1.06414
3.05189; 2.49271
3.05189; 2.49271
3.05189; 2.49271
3.05189; 2.49271
3.82112; 3.92128
3.82112; 3.92128
3.82112; 3.92128
3.82112; 3.92128
4.59035; -4.44606
4.59035; -4.44606
4.59035; -4.44606
4.59035; -4.44606
-4.58125; -3.01749
-4.58125; -3.01749
-4.58125; -3.01749
-4.58125; -3.01749
-3.81202; -1.58892
-3.81202; -1.58892
-3.81202; -1.58892
-3.81202; -1.58892
-3.04279; -0.16035
-3.04279; -0.16035
-3.04279; -0.16035
-3.04279; -0.16035
-2.27355; 1.26822
-2.27355; 1.26822
-2.27355; 1.26822
-2.27355; 1.26822
-1.50432; 2.69679
-1.50432; 2.69679
-1.50432; 2.69679
-1.50432; 2.69679
1.5726; -1.38484
1.5726; -1.38484
1.5726; -1.38484
1.5726; -1.38484
2.34183; 0.0437317
2.34183; 0.0437317
2.34183; 0.0437317
2.34183; 0.0437317
3.11106; 1.4723
3.11106; 1.4723
3.11106; 1.4723
3.11106; 1.4723
3.88029; 2.90087
3.88029; 2.90087
3.88029; 2.90087
3.88029; 2.90087
4.64952; 4.32945
4.64952; 4.32945
4.64952; 4.32945
4.64952; 4.32945
-4.52208; -4.0379
-4.52208; -4.0379
-4.52208; -4.0379
-4.52208; -4.0379
-3.75284; -2.60933
-3.75284; -2.60933
-3.75284; -2.60933
-3.75284; -2.60933
-2.98361; -1.18076
-2.98361; -1.18076
-2.98361; -1.18076
-2.98361; -1.18076
-2.21438; 0.247813
-2.21438; 0.247813
-2.21438; 0.247813
-2.21438; 0.247813
-1.44515; 1.67639
-1.44515; 1.67639
-1.44515; 1.67639
-1.44515; 1.67639
1.63177; -2.40525
1.63177; -2.40525
1.63177; -2.40525
1.63177; -2.40525
2.401; -0.976676
2.401; -0.976676
2.401; -0.976676
2.401; -0.976676
3.17023; 0.451895
3.17023; 0.451895
3.17023; 0.451895
3.17023; 0.451895
3.93946; 1.88047
3.93946; 1.88047
3.93946; 1.88047
3.93946; 1.88047
4.70869; 3.30904
4.70869; 3.30904
4.70869; 3.30904
4.70869; 3.30904
-4.4629; 4.73761
-4.4629; 4.73761
-4.4629; 4.73761
-4.4629; 4.73761
-3.69367; -3.62974
-3.69367; -3.62974
-3.69367; -3.62974
-3.69367; -3.62974
-2.92444; -2.20117
-2.92444; -2.20117
-2.92444; -2.20117
-2.92444; -2.20117
-2.15521; -0.772594
-2.15521; -0.772594
-2.15521; -0.772594
-2.15521; -0.772594
-1.38598; 0.655976
-1.38598; 0.655976
-1.38598; 0.655976
-1.38598; 0.655976
-0.61675; 2.08455
-0.61675; 2.08455
-0.61675; 2.08455
-0.61675; 2.08455
1.69094; -4.82507
1.69094; -4.82507
1.69094; -4.82507
1.69094; -4.82507
2.46017; -3.3965
2.46017; -3.3965
2.46017; -3.3965
2.46017; -3.3965
3.2294; -1.96793
3.2294; -1.96793
3.2294; -1.96793
3.2294; -1.96793
3.99863; -0.539359
3.99863; -0.539359
3.99863; -0.539359
3.99863; -0.539359
4.76787; 0.889213
4.76787; 0.889213
4.76787; 0.889213
4.76787; 0.889213
-4.40373; 2.31778
-4.40373; 2.31778
-4.40373; 2.31778
-4.40373; 2.31778
-3.6345; 3.74636
-3.6345; 3.74636
-3.6345; 3.74636
-3.6345; 3.74636
-2.86527; -4.62099
-2.86527; -4.62099
-2.86527; -4.62099
-2.86527; -4.62099
-2.09604; -3.19242
-2.09604; -3.19242
-2.09604; -3.19242
-2.09604; -3.19242
-1.32681; -1.76385
-1.32681; -1.76385
-1.32681; -1.76385
-1.32681; -1.76385
0.980883; 2.52187
0.980883; 2.52187
0.980883; 2.52187
0.980883; 2.52187
2.51934; -4.41691
2.51934; -4.41691
2.51934; -4.41691
2.51934; -4.41691
3.28858; -2.98834
3.28858; -2.98834
3.28858; -2.98834
3.28858; -2.98834
4.05781; -1.55977
4.05781; -1.55977
4.05781; -1.55977
4.05781; -1.55977
4.82704; -0.131195
4.82704; -0.131195
4.82704; -0.131195
4.82704; -0.131195
-4.34456; 1.29738
-4.34456; 1.29738
-4.34456; 1.29738
-4.34456; 1.29738
-3.57533; 2.72595
-3.57533; 2.72595
-3.57533; 2.72595
-3.57533; 2.72595
-2.8061; 4.15452
-2.8061; 4.15452
-2.8061; 4.15452
-2.8061; 4.15452
-2.03687; -4.21283
-2.03687; -4.21283
-2.03687; -4.21283
-2.03687; -4.21283
-1.26764; -2.78426
-1.26764; -2.78426
-1.26764; -2.78426
-1.26764; -2.78426
1.04005; 1.50146
1.04005; 1.50146
1.04005; 1.50146
1.04005; 1.50146
1.80929; 2.93003
1.80929; 2.93003
1.80929; 2.93003
1.80929; 2.93003
2.57852; 4.3586
2.57852; 4.3586
2.57852; 4.3586
2.57852; 4.3586
3.34775; -4.00875
3.34775; -4.00875
3.34775; -4.00875
3.34775; -4.00875
4.11698; -2.58017
4.11698; -2.58017
4.11698; -2.58017
4.11698; -2.58017
4.88621; -1.1516
4.88621; -1.1516
4.88621; -1.1516
4.88621; -1.1516
-4.28539; 0.276968
-4.28539; 0.276968
-4.28539; 0.276968
-4.28539; 0.276968
-3.51616; 1.70554
-3.51616; 1.70554
-3.51616; 1.70554
-3.51616; 1.70554
-2.74693; 3.13411
-2.74693; 3.13411
-2.74693; 3.13411
-2.74693; 3.13411
-1.20847; -3.80466
-1.20847; -3.80466
-1.20847; -3.80466
-1.20847; -3.80466
1.09923; 0.48105
1.09923; 0.48105
1.09923; 0.48105
1.09923; 0.48105
1.86846; 1.90962
1.86846; 1.90962
1.86846; 1.90962
1.86846; 1.90962
2.63769; 3.33819
2.63769; 3.33819
2.63769; 3.33819
2.63769; 3.33819
3.40692; 4.76676
3.40692; 4.76676
3.40692; 4.76676
3.40692; 4.76676
4.17615; -3.60058
4.17615; -3.60058
4.17615; -3.60058
4.17615; -3.60058
4.94538; -2.17201
4.94538; -2.17201
4.94538; -2.17201
4.94538; -2.17201
-4.9909; -0.74344
-4.9909; -0.74344
-4.9909; -0.74344
-4.9909; -0.74344
-4.22167; 0.685131
-4.22167; 0.685131
-4.22167; 0.685131
-4.22167; 0.685131
-3.45244; 2.1137
-3.45244; 2.1137
-3.45244; 2.1137
-3.45244; 2.1137
-2.6832; 3.54227
-2.6832; 3.54227
-2.6832; 3.54227
-2.6832; 3.54227
-1.14474; -4.99584
-1.14474; -4.99584
-1.14474; -4.99584
-1.14474; -4.99584
1.16295; -0.710121
1.16295; -0.710121
1.16295; -0.710121
1.16295; -0.710121
1.93218; 0.718451
1.93218; 0.718451
1.93218; 0.718451
1.93218; 0.718451
2.70141; 2.14702
2.70141; 2.14702
2.70141; 2.14702
2.70141; 2.14702
3.47064; 3.57559
3.47064; 3.57559
3.47064; 3.57559
3.47064; 3.57559
4.23987; -4.79175
4.23987; -4.79175
4.23987; -4.79175
4.23987; -4.79175
-4.93173; -3.36318
-4.93173; -3.36318
-4.93173; -3.36318
-4.93173; -3.36318
-4.16249; -1.93461
-4.16249; -1.93461
-4.16249; -1.93461
-4.16249; -1.93461
-3.39326; -0.506039
-3.39326; -0.506039
-3.39326; -0.506039
-3.39326; -0.506039
-2.62403; 0.922533
-2.62403; 0.922533
-2.62403; 0.922533
-2.62403; 0.922533
-1.8548; 2.3511
-1.8548; 2.3511
-1.8548; 2.3511
-1.8548; 2.3511
1.22212; -1.73053
1.22212; -1.73053
1.22212; -1.73053
1.22212; -1.73053
1.99135; -0.301958
1.99135; -0.301958
1.99135; -0.301958
1.99135; -0.301958
2.76058; 1.12661
2.76058; 1.12661
2.76058; 1.12661
2.76058; 1.12661
3.52981; 2.55519
3.52981; 2.55519
3.52981; 2.55519
3.52981; 2.55519
4.29904; 3.98376
4.29904; 3.98376
4.29904; 3.98376
4.29904; 3.98376
-4.87255; -4.38359
-4.87255; -4.38359
-4.87255; -4.38359
-4.87255; -4.38359
-4.10332; -2.95502
-4.10332; -2.95502
-4.10332; -2.95502
-4.10332; -2.95502
-3.33409; -1.52645
-3.33409; -1.52645
-3.33409; -1.52645
-3.33409; -1.52645
-2.56486; -0.0978761
-2.56486; -0.0978761
-2.56486; -0.0978761
-2.56486; -0.0978761
-1.79563; 1.3307
-1.79563; 1.3307
-1.79563; 1.3307
-1.79563; 1.3307
-1.0264; 2.75927
-1.0264; 2.75927
-1.0264; 2.75927
-1.0264; 2.75927
1.28129; -2.75094
1.28129; -2.75094
1.28129; -2.75094
1.28129; -2.75094
2.05052; -1.32237
2.05052; -1.32237
2.05052; -1.32237
2.05052; -1.32237
2.81975; 0.106206
2.81975; 0.106206
2.81975; 0.106206
2.81975; 0.106206
3.58899; 1.53478
3.58899; 1.53478
3.58899; 1.53478
3.58899; 1.53478
4.35822; 2.96335
4.35822; 2.96335
4.35822; 2.96335
4.35822; 2.96335
-4.81338; 4.39192
-4.81338; 4.39192
-4.81338; 4.39192
-4.81338; 4.39192
-4.04415; -3.97543
-4.04415; -3.97543
-4.04415; -3.97543
-4.04415; -3.97543
-3.27492; -2.54686
-3.27492; -2.54686
-3.27492; -2.54686
-3.27492; -2.54686
-2.50569; -1.11828
-2.50569; -1.11828
-2.50569; -1.11828
-2.50569; -1.11828
-1.73646; 0.310287
-1.73646; 0.310287
-1.73646; 0.310287
-1.73646; 0.310287
1.34046; -3.77135
1.34046; -3.77135
1.34046; -3.77135
1.34046; -3.77135
2.10969; -2.34277
2.10969; -2.34277
2.10969; -2.34277
2.10969; -2.34277
2.87893; -0.914202
2.87893; -0.914202
2.87893; -0.914202
2.87893; -0.914202
3.64816; 0.514369
3.64816; 0.514369
3.64816; 0.514369
3.64816; 0.514369
4.41739; 1.94294
4.41739; 1.94294
4.41739; 1.94294
4.41739; 1.94294
-4.75421; 3.37151
-4.75421; 3.37151
-4.75421; 3.37151
-4.75421; 3.37151
-3.98498; 4.80008
-3.98498; 4.80008
-3.98498; 4.80008
-3.98498; 4.80008
-3.21575; -4.96668
-3.21575; -4.96668
-3.21575; -4.96668
-3.21575; -4.96668
-2.44652; -3.53811
-2.44652; -3.53811
-2.44652; -3.53811
-2.44652; -3.53811
-1.67729; -2.10954
-1.67729; -2.10954
-1.67729; -2.10954
-1.67729; -2.10954
0.630405; 2.17618
0.630405; 2.17618
0.630405; 2.17618
0.630405; 2.17618
2.16887; -4.7626
2.16887; -4.7626
2.16887; -4.7626
2.16887; -4.7626
2.9381; -3.33403
2.9381; -3.33403
2.9381; -3.33403
2.9381; -3.33403
3.70733; -1.90546
3.70733; -1.90546
3.70733; -1.90546
3.70733; -1.90546
4.47656; -0.476885
4.47656; -0.476885
4.47656; -0.476885
4.47656; -0.476885
-4.69504; 0.951687
-4.69504; 0.951687
-4.69504; 0.951687
-4.69504; 0.951687
-3.92581; 2.38026
-3.92581; 2.38026
-3.92581; 2.38026
-3.92581; 2.38026
-3.15658; 3.80883
-3.15658; 3.80883
-3.15658; 3.80883
-3.15658; 3.80883
-2.38735; -4.55852
-2.38735; -4.55852
-2.38735; -4.55852
-2.38735; -4.55852
-1.61812; -3.12995
-1.61812; -3.12995
-1.61812; -3.12995
-1.61812; -3.12995
1.45881; 2.58434
1.45881; 2.58434
1.45881; 2.58434
1.45881; 2.58434
2.22804; 4.01291
2.22804; 4.01291
2.22804; 4.01291
2.22804; 4.01291
2.99727; -4.35444
2.99727; -4.35444
2.99727; -4.35444
2.99727; -4.35444
3.7665; -2.92586
3.7665; -2.92586
3.7665; -2.92586
3.7665; -2.92586
4.53573; -1.49729
4.53573; -1.49729
4.53573; -1.49729
4.53573; -1.49729
-4.63587; -0.0687213
-4.63587; -0.0687213
-4.63587; -0.0687213
-4.63587; -0.0687213
-3.86664; 1.35985
-3.86664; 1.35985
-3.86664; 1.35985
-3.86664; 1.35985
-3.09741; 2.78842
-3.09741; 2.78842
-3.09741; 2.78842
-3.09741; 2.78842
-2.32817; 4.21699
-2.32817; 4.21699
-2.32817; 4.21699
-2.32817; 4.21699
-1.55894; -4.15035
-1.55894; -4.15035
-1.55894; -4.15035
-1.55894; -4.15035
1.51798; 1.56393
1.51798; 1.56393
1.51798; 1.56393
1.51798; 1.56393
2.28721; 2.9925
2.28721; 2.9925
2.28721; 2.9925
2.28721; 2.9925
3.05644; 4.42107
3.05644; 4.42107
3.05644; 4.42107
3.05644; 4.42107
3.82567; -3.94627
3.82567; -3.94627
3.82567; -3.94627
3.82567; -3.94627
4.5949; -2.5177
4.5949; -2.5177
4.5949; -2.5177
4.5949; -2.5177
-4.5767; -1.08913
-4.5767; -1.08913
-4.5767; -1.08913
-4.5767; -1.08913
-3.80746; 0.339442
-3.80746; 0.339442
-3.80746; 0.339442
-3.80746; 0.339442
-3.03823; 1.76801
-3.03823; 1.76801
-3.03823; 1.76801
-3.03823; 1.76801
-2.269; 3.19658
-2.269; 3.19658
-2.269; 3.19658
-2.269; 3.19658
1.57715; 0.543523
1.57715; 0.543523
1.57715; 0.543523
1.57715; 0.543523
2.34638; 1.9721
2.34638; 1.9721
2.34638; 1.9721
2.34638; 1.9721
3.11561; 3.40067
3.11561; 3.40067
3.11561; 3.40067
3.11561; 3.40067
3.88484; 4.82924
3.88484; 4.82924
3.88484; 4.82924
3.88484; 4.82924
4.65407; -4.93753
4.65407; -4.93753
4.65407; -4.93753
4.65407; -4.93753
-4.51752; -3.50895
-4.51752; -3.50895
-4.51752; -3.50895
-4.51752; -3.50895
-3.74829; -2.08038
-3.74829; -2.08038
-3.74829; -2.08038
-3.74829; -2.08038
-2.97906; -0.651812
-2.97906; -0.651812
-2.97906; -0.651812
-2.97906; -0.651812
-2.20983; 0.77676
-2.20983; 0.77676
-2.20983; 0.77676
-2.20983; 0.77676
-1.4406; 2.20533
-1.4406; 2.20533
-1.4406; 2.20533
-1.4406; 2.20533
1.63632; -1.8763
1.63632; -1.8763
1.63632; -1.8763
1.63632; -1.8763
2.40555; -0.44773
2.40555; -0.44773
2.40555; -0.44773
2.40555; -0.44773
3.17478; 0.980842
3.17478; 0.980842
3.17478; 0.980842
3.17478; 0.980842
3.94401; 2.40941
3.94401; 2.40941
3.94401; 2.40941
3.94401; 2.40941
4.71325; 3.83798
4.71325; 3.83798
4.71325; 3.83798
4.71325; 3.83798
-4.45835; -4.52936
-4.45835; -4.52936
-4.45835; -4.52936
-4.45835; -4.52936
-3.68912; -3.10079
-3.68912; -3.10079
-3.68912; -3.10079
-3.68912; -3.10079
-2.91989; -1.67222
-2.91989; -1.67222
-2.91989; -1.67222
-2.91989; -1.67222
-2.15066; -0.243649
-2.15066; -0.243649
-2.15066; -0.243649
-2.15066; -0.243649
-1.38143; 1.18492
-1.38143; 1.18492
-1.38143; 1.18492
-1.38143; 1.18492
-0.612198; 2.61349
-0.612198; 2.61349
-0.612198; 2.61349
-0.612198; 2.61349
1.69549; -2.89671
1.69549; -2.89671
1.69549; -2.89671
1.69549; -2.89671
2.46472; -1.46814
2.46472; -1.46814
2.46472; -1.46814
2.46472; -1.46814
3.23396; -0.039567
3.23396; -0.039567
3.23396; -0.039567
3.23396; -0.039567
4.00319; 1.389
4.00319; 1.389
4.00319; 1.389
4.00319; 1.389
4.77242; 2.81758
4.77242; 2.81758
4.77242; 2.81758
4.77242; 2.81758
-4.39918; 4.24615
-4.39918; 4.24615
-4.39918; 4.24615
-4.39918; 4.24615
-3.62995; -4.1212
-3.62995; -4.1212
-3.62995; -4.1212
-3.62995; -4.1212
-2.86072; -2.69263
-2.86072; -2.69263
-2.86072; -2.69263
-2.86072; -2.69263
-2.09149; -1.26406
-2.09149; -1.26406
-2.09149; -1.26406
-2.09149; -1.26406
-1.32226; 0.164515
-1.32226; 0.164515
-1.32226; 0.164515
-1.32226; 0.164515
1.75467; -3.91712
1.75467; -3.91712
1.75467; -3.91712
1.75467; -3.91712
2.5239; -2.48855
2.5239; -2.48855
2.5239; -2.48855
2.5239; -2.48855
3.29313; -1.05997
3.29313; -1.05997
3.29313; -1.05997
3.29313; -1.05997
4.06236; 0.368596
4.06236; 0.368596
4.06236; 0.368596
4.06236; 0.368596
4.83159; 1.79717
4.83159; 1.79717
4.83159; 1.79717
4.83159; 1.79717
-4.34001; 3.22574
-4.34001; 3.22574
-4.34001; 3.22574
-4.34001; 3.22574
-3.57078; 4.65431
-3.57078; 4.65431
-3.57078; 4.65431
-3.57078; 4.65431
-2.80155; -3.71304
-2.80155; -3.71304
-2.80155; -3.71304
-2.80155; -3.71304
-2.03232; -2.28446
-2.03232; -2.28446
-2.03232; -2.28446
-2.03232; -2.28446
-1.26309; -0.855893
-1.26309; -0.855893
-1.26309; -0.855893
-1.26309; -0.855893
0.275376; 2.00125
0.275376; 2.00125
0.275376; 2.00125
0.275376; 2.00125
2.58307; -4.90837
2.58307; -4.90837
2.58307; -4.90837
2.58307; -4.90837
3.3523; -3.4798
3.3523; -3.4798
3.3523; -3.4798
3.3523; -3.4798
4.12153; -2.05123
4.12153; -2.05123
4.12153; -2.05123
4.12153; -2.05123
4.89076; -0.622657
4.89076; -0.622657
4.89076; -0.622657
4.89076; -0.622657
-4.28084; 0.805914
-4.28084; 0.805914
-4.28084; 0.805914
-4.28084; 0.805914
-3.51161; 2.23449
-3.51161; 2.23449
-3.51161; 2.23449
-3.51161; 2.23449
-2.74238; 3.66306
-2.74238; 3.66306
-2.74238; 3.66306
-2.74238; 3.66306
-1.97315; -4.70429
-1.97315; -4.70429
-1.97315; -4.70429
-1.97315; -4.70429
-1.20391; -3.27572
-1.20391; -3.27572
-1.20391; -3.27572
-1.20391; -3.27572
1.10378; 1.01
1.10378; 1.01
1.10378; 1.01
1.10378; 1.01
1.87301; 2.43857
1.87301; 2.43857
1.87301; 2.43857
1.87301; 2.43857
2.64224; 3.86714
2.64224; 3.86714
2.64224; 3.86714
2.64224; 3.86714
3.41147; -4.50021
3.41147; -4.50021
3.41147; -4.50021
3.41147; -4.50021
4.1807; -3.07164
4.1807; -3.07164
4.1807; -3.07164
4.1807; -3.07164
4.94993; -1.64307
4.94993; -1.64307
4.94993; -1.64307
4.94993; -1.64307
-4.98634; -0.214494
-4.98634; -0.214494
-4.98634; -0.214494
-4.98634; -0.214494
-4.21711; 1.21408
-4.21711; 1.21408
-4.21711; 1.21408
-4.21711; 1.21408
-3.44788; 2.64265
-3.44788; 2.64265
-3.44788; 2.64265
-3.44788; 2.64265
-2.67865; 4.07122
-2.67865; 4.07122
-2.67865; 4.07122
-2.67865; 4.07122
-1.90942; -4.29613
-1.90942; -4.29613
-1.90942; -4.29613
-1.90942; -4.29613
-1.14019; -2.86756
-1.14019; -2.86756
-1.14019; -2.86756
-1.14019; -2.86756
1.1675; 1.41816
1.1675; 1.41816
1.1675; 1.41816
1.1675; 1.41816
1.93673; 2.84673
1.93673; 2.84673
1.93673; 2.84673
1.93673; 2.84673
2.70596; 4.2753
2.70596; 4.2753
2.70596; 4.2753
2.70596; 4.2753
3.47519; -4.09204
3.47519; -4.09204
3.47519; -4.09204
3.47519; -4.09204
4.24442; -2.66347
4.24442; -2.66347
4.24442; -2.66347
4.24442; -2.66347
-4.92717; -1.2349
-4.92717; -1.2349
-4.92717; -1.2349
-4.92717; -1.2349
-4.15794; 0.193669
-4.15794; 0.193669
-4.15794; 0.193669
-4.15794; 0.193669
-3.38871; 1.62224
-3.38871; 1.62224
-3.38871; 1.62224
-3.38871; 1.62224
-2.61948; 3.05081
-2.61948; 3.05081
-2.61948; 3.05081
-2.61948; 3.05081
-1.08102; -3.88796
-1.08102; -3.88796
-1.08102; -3.88796
-1.08102; -3.88796
1.22667; 0.397751
1.22667; 0.397751
1.22667; 0.397751
1.22667; 0.397751
1.9959; 1.82632
1.9959; 1.82632
1.9959; 1.82632
1.9959; 1.82632
2.76513; 3.25489
2.76513; 3.25489
2.76513; 3.25489
2.76513; 3.25489
3.53436; 4.68347
3.53436; 4.68347
3.53436; 4.68347
3.53436; 4.68347
4.3036; -3.68388
4.3036; -3.68388
4.3036; -3.68388
4.3036; -3.68388
-4.868; -2.25531
-4.868; -2.25531
-4.868; -2.25531
-4.868; -2.25531
-4.09877; -0.826739
-4.09877; -0.826739
-4.09877; -0.826739
-4.09877; -0.826739
-3.32954; 0.601832
-3.32954; 0.601832
-3.32954; 0.601832
-3.32954; 0.601832
-2.56031; 2.0304
-2.56031; 2.0304
-2.56031; 2.0304
-2.56031; 2.0304
1.28584; -2.02207
1.28584; -2.02207
1.28584; -2.02207
1.28584; -2.02207
2.05508; -0.593503
2.05508; -0.593503
2.05508; -0.593503
2.05508; -0.593503
2.82431; 0.83507
2.82431; 0.83507
2.82431; 0.83507
2.82431; 0.83507
3.59354; 2.26364
3.59354; 2.26364
3.59354; 2.26364
3.59354; 2.26364
4.36277; 3.69221
4.36277; 3.69221
4.36277; 3.69221
4.36277; 3.69221
-4.80883; -4.67514
-4.80883; -4.67514
-4.80883; -4.67514
-4.80883; -4.67514
-4.0396; -3.24656
-4.0396; -3.24656
-4.0396; -3.24656
-4.0396; -3.24656
-3.27037; -1.81799
-3.27037; -1.81799
-3.27037; -1.81799
-3.27037; -1.81799
-2.50114; -0.389421
-2.50114; -0.389421
-2.50114; -0.389421
-2.50114; -0.389421
-1.73191; 1.03915
-1.73191; 1.03915
-1.73191; 1.03915
-1.73191; 1.03915
-0.962676; 2.46772
-0.962676; 2.46772
-0.962676; 2.46772
-0.962676; 2.46772
1.34502; -3.04248
1.34502; -3.04248
1.34502; -3.04248
1.34502; -3.04248
2.11425; -1.61391
2.11425; -1.61391
2.11425; -1.61391
2.11425; -1.61391
2.88348; -0.185339
2.88348; -0.185339
2.88348; -0.185339
2.88348; -0.185339
3.65271; 1.24323
3.65271; 1.24323
3.65271; 1.24323
3.65271; 1.24323
4.42194; 2.6718
4.42194; 2.6718
4.42194; 2.6718
4.42194; 2.6718
-4.74966; 4.10038
-4.74966; 4.10038
-4.74966; 4.10038
-4.74966; 4.10038
-3.98043; -4.26697
-3.98043; -4.26697
-3.98043; -4.26697
-3.98043; -4.26697
-3.2112; -2.8384
-3.2112; -2.8384
-3.2112; -2.8384
-3.2112; -2.8384
-2.44197; -1.40983
-2.44197; -1.40983
-2.44197; -1.40983
-2.44197; -1.40983
-1.67274; 0.0187426
-1.67274; 0.0187426
-1.67274; 0.0187426
-1.67274; 0.0187426
-0.134274; 2.87589
-0.134274; 2.87589
-0.134274; 2.87589
-0.134274; 2.87589
1.40419; -4.06289
1.40419; -4.06289
1.40419; -4.06289
1.40419; -4.06289
2.17342; -2.63432
2.17342; -2.63432
2.17342; -2.63432
2.17342; -2.63432
2.94265; -1.20575
2.94265; -1.20575
2.94265; -1.20575
2.94265; -1.20575
3.71188; 0.222824
3.71188; 0.222824
3.71188; 0.222824
3.71188; 0.222824
4.48111; 1.6514
4.48111; 1.6514
4.48111; 1.6514
4.48111; 1.6514
-4.69049; 3.07997
-4.69049; 3.07997
-4.69049; 3.07997
-4.69049; 3.07997
-3.92126; 4.50854
-3.92126; 4.50854
-3.92126; 4.50854
-3.92126; 4.50854
-3.15203; -3.85881
-3.15203; -3.85881
-3.15203; -3.85881
-3.15203; -3.85881
-2.38279; -2.43024
-2.38279; -2.43024
-2.38279; -2.43024
-2.38279; -2.43024
-1.61356; -1.00167
-1.61356; -1.00167
-1.61356; -1.00167
-1.61356; -1.00167
2.23259; -3.65473
2.23259; -3.65473
2.23259; -3.65473
2.23259; -3.65473
3.00182; -2.22616
3.00182; -2.22616
3.00182; -2.22616
3.00182; -2.22616
3.77105; -0.797585
3.77105; -0.797585
3.77105; -0.797585
3.77105; -0.797585
4.54028; 0.630987
4.54028; 0.630987
4.54028; 0.630987
4.54028; 0.630987
-4.63132; 2.05956
-4.63132; 2.05956
-4.63132; 2.05956
-4.63132; 2.05956
-3.86208; 3.48813
-3.86208; 3.48813
-3.86208; 3.48813
-3.86208; 3.48813
-3.09285; 4.9167
-3.09285; 4.9167
-3.09285; 4.9167
-3.09285; 4.9167
-2.32362; -4.85006
-2.32362; -4.85006
-2.32362; -4.85006
-2.32362; -4.85006
-1.55439; -3.42149
-1.55439; -3.42149
-1.55439; -3.42149
-1.55439; -3.42149
1.52253; 2.2928
1.52253; 2.2928
1.52253; 2.2928
1.52253; 2.2928
2.29176; 3.72137
2.29176; 3.72137
2.29176; 3.72137
2.29176; 3.72137
3.06099; -4.64598
3.06099; -4.64598
3.06099; -4.64598
3.06099; -4.64598
3.83022; -3.21741
3.83022; -3.21741
3.83022; -3.21741
3.83022; -3.21741
4.59945; -1.78884
4.59945; -1.78884
4.59945; -1.78884
4.59945; -1.78884
-4.57214; -0.360267
-4.57214; -0.360267
-4.57214; -0.360267
-4.57214; -0.360267
-3.80291; 1.06831
-3.80291; 1.06831
-3.80291; 1.06831
-3.80291; 1.06831
-3.03368; 2.49688
-3.03368; 2.49688
-3.03368; 2.49688
-3.03368; 2.49688
-2.26445; 3.92545
-2.26445; 3.92545
-2.26445; 3.92545
-2.26445; 3.92545
-1.49522; -4.4419
-1.49522; -4.4419
-1.49522; -4.4419
-1.49522; -4.4419
1.5817; 1.27239
1.5817; 1.27239
1.5817; 1.27239
1.5817; 1.27239
2.35093; 2.70096
2.35093; 2.70096
2.35093; 2.70096
2.35093; 2.70096
3.12016; 4.12953
3.12016; 4.12953
3.12016; 4.12953
3.12016; 4.12953
3.88939; -4.23782
3.88939; -4.23782
3.88939; -4.23782
3.88939; -4.23782
4.65862; -2.80925
4.65862; -2.80925
4.65862; -2.80925
4.65862; -2.80925
-4.51297; -1.38067
-4.51297; -1.38067
-4.51297; -1.38067
-4.51297; -1.38067
-3.74374; 0.0478973
-3.74374; 0.0478973
-3.74374; 0.0478973
-3.74374; 0.0478973
-2.97451; 1.47647
-2.97451; 1.47647
-2.97451; 1.47647
-2.97451; 1.47647
-2.20528; 2.90504
-2.20528; 2.90504
-2.20528; 2.90504
-2.20528; 2.90504
1.64087; 0.251979
1.64087; 0.251979
1.64087; 0.251979
1.64087; 0.251979
2.4101; 1.68055
2.4101; 1.68055
2.4101; 1.68055
2.4101; 1.68055
3.17934; 3.10912
3.17934; 3.10912
3.17934; 3.10912
3.17934; 3.10912
3.94857; 4.53769
3.94857; 4.53769
3.94857; 4.53769
3.94857; 4.53769
4.7178; -3.82965
4.7178; -3.82965
4.7178; -3.82965
4.7178; -3.82965
-4.4538; -2.40108
-4.4538; -2.40108
-4.4538; -2.40108
-4.4538; -2.40108
-3.68457; -0.972511
-3.68457; -0.972511
-3.68457; -0.972511
-3.68457; -0.972511
-2.91534; 0.45606
-2.91534; 0.45606
-2.91534; 0.45606
-2.91534; 0.45606
-2.14611; 1.88463
-2.14611; 1.88463
-2.14611; 1.88463
-2.14611; 1.88463
1.70005; -0.76843
1.70005; -0.76843
1.70005; -0.76843
1.70005; -0.76843
2.46928; 0.660142
2.46928; 0.660142
2.46928; 0.660142
2.46928; 0.660142
3.23851; 2.08871
3.23851; 2.08871
3.23851; 2.08871
3.23851; 2.08871
4.00774; 3.51729
4.00774; 3.51729
4.00774; 3.51729
4.00774; 3.51729
4.77697; 4.94586
4.77697; 4.94586
4.77697; 4.94586
4.77697; 4.94586
-4.39463; -4.82091
-4.39463; -4.82091
-4.39463; -4.82091
-4.39463; -4.82091
-3.6254; -3.39234
-3.6254; -3.39234
-3.6254; -3.39234
-3.6254; -3.39234
-2.85617; -1.96377
-2.85617; -1.96377
-2.85617; -1.96377
-2.85617; -1.96377
-2.08694; -0.535193
-2.08694; -0.535193
-2.08694; -0.535193
-2.08694; -0.535193
-1.31771; 0.893378
-1.31771; 0.893378
-1.31771; 0.893378
-1.31771; 0.893378
-0.548475; 2.32195
-0.548475; 2.32195
-0.548475; 2.32195
-0.548475; 2.32195
1.75922; -3.18825
1.75922; -3.18825
1.75922; -3.18825
1.75922; -3.18825
2.52845; -1.75968
2.52845; -1.75968
2.52845; -1.75968
2.52845; -1.75968
3.29768; -0.331112
3.29768; -0.331112
3.29768; -0.331112
3.29768; -0.331112
4.06691; 1.09746
4.06691; 1.09746
4.06691; 1.09746
4.06691; 1.09746
4.83614; 2.52603
4.83614; 2.52603
4.83614; 2.52603
4.83614; 2.52603
-4.33546; 3.9546
-4.33546; 3.9546
-4.33546; 3.9546
-4.33546; 3.9546
-3.56623; -4.41274
-3.56623; -4.41274
-3.56623; -4.41274
-3.56623; -4.41274
-2.797; -2.98417
-2.797; -2.98417
-2.797; -2.98417
-2.797; -2.98417
-2.02776; -1.5556
-2.02776; -1.5556
-2.02776; -1.5556
-2.02776; -1.5556
-1.25853; -0.12703
-1.25853; -0.12703
-1.25853; -0.12703
-1.25853; -0.12703
0.279927; 2.73011
0.279927; 2.73011
0.279927; 2.73011
0.279927; 2.73011
1.81839; -4.20866
1.81839; -4.20866
1.81839; -4.20866
1.81839; -4.20866
2.58762; -2.78009
2.58762; -2.78009
2.58762; -2.78009
2.58762; -2.78009
3.35685; -1.35152
3.35685; -1.35152
3.35685; -1.35152
3.35685; -1.35152
4.12608; 0.0770516
4.12608; 0.0770516
4.12608; 0.0770516
4.12608; 0.0770516
4.89531; 1.50562
4.89531; 1.50562
4.89531; 1.50562
4.89531; 1.50562
-4.27629; 2.93419
-4.27629; 2.93419
-4.27629; 2.93419
-4.27629; 2.93419
-3.50706; 4.36277
-3.50706; 4.36277
-3.50706; 4.36277
-3.50706; 4.36277
-2.73782; -4.00458
-2.73782; -4.00458
-2.73782; -4.00458
-2.73782; -4.00458
-1.96859; -2.57601
-1.96859; -2.57601
-1.96859; -2.57601
-1.96859; -2.57601
-1.19936; -1.14744
-1.19936; -1.14744
-1.19936; -1.14744
-1.19936; -1.14744
2.64679; -3.8005
2.64679; -3.8005
2.64679; -3.8005
2.64679; -3.8005
3.41602; -2.37193
3.41602; -2.37193
3.41602; -2.37193
3.41602; -2.37193
4.18525; -0.943357
4.18525; -0.943357
4.18525; -0.943357
4.18525; -0.943357
4.95448; 0.485215
4.95448; 0.485215
4.95448; 0.485215
4.95448; 0.485215
-4.98179; 1.91379
-4.98179; 1.91379
-4.98179; 1.91379
-4.98179; 1.91379
-4.21256; 3.34236
-4.21256; 3.34236
-4.21256; 3.34236
-4.21256; 3.34236
-3.44333; 4.77093
-3.44333; 4.77093
-3.44333; 4.77093
-3.44333; 4.77093
-2.6741; -3.59642
-2.6741; -3.59642
-2.6741; -3.59642
-2.6741; -3.59642
-1.90487; -2.16785
-1.90487; -2.16785
-1.90487; -2.16785
-1.90487; -2.16785
-1.13564; -0.739275
-1.13564; -0.739275
-1.13564; -0.739275
-1.13564; -0.739275
0.402822; 2.11787
0.402822; 2.11787
0.402822; 2.11787
0.402822; 2.11787
2.71051; -4.99167
2.71051; -4.99167
2.71051; -4.99167
2.71051; -4.99167
3.47975; -3.5631
3.47975; -3.5631
3.47975; -3.5631
3.47975; -3.5631
4.24898; -2.13453
4.24898; -2.13453
4.24898; -2.13453
4.24898; -2.13453
-4.92262; -0.705956
-4.92262; -0.705956
-4.92262; -0.705956
-4.92262; -0.705956
-4.15339; 0.722616
-4.15339; 0.722616
-4.15339; 0.722616
-4.15339; 0.722616
-3.38416; 2.15119
-3.38416; 2.15119
-3.38416; 2.15119
-3.38416; 2.15119
-2.61493; 3.57976
-2.61493; 3.57976
-2.61493; 3.57976
-2.61493; 3.57976
-1.8457; -4.78759
-1.8457; -4.78759
-1.8457; -4.78759
-1.8457; -4.78759
-1.07647; -3.35902
-1.07647; -3.35902
-1.07647; -3.35902
-1.07647; -3.35902
1.23122; 0.926697
1.23122; 0.926697
1.23122; 0.926697
1.23122; 0.926697
2.00046; 2.35527
2.00046; 2.35527
2.00046; 2.35527
2.00046; 2.35527
2.76969; 3.78384
2.76969; 3.78384
2.76969; 3.78384
2.76969; 3.78384
3.53892; -4.58351
3.53892; -4.58351
3.53892; -4.58351
3.53892; -4.58351
4.30815; -3.15494
4.30815; -3.15494
4.30815; -3.15494
4.30815; -3.15494
-4.86345; -1.72636
-4.86345; -1.72636
-4.86345; -1.72636
-4.86345; -1.72636
-4.09422; -0.297792
-4.09422; -0.297792
-4.09422; -0.297792
-4.09422; -0.297792
-3.32499; 1.13078
-3.32499; 1.13078
-3.32499; 1.13078
-3.32499; 1.13078
-2.55576; 2.55935
-2.55576; 2.55935
-2.55576; 2.55935
-2.55576; 2.55935
-1.0173; -4.37943
-1.0173; -4.37943
-1.0173; -4.37943
-1.0173; -4.37943
1.2904; -0.0937109
1.2904; -0.0937109
1.2904; -0.0937109
1.2904; -0.0937109
2.05963; 1.33486
2.05963; 1.33486
2.05963; 1.33486
2.05963; 1.33486
2.82886; 2.76343
2.82886; 2.76343
2.82886; 2.76343
2.82886; 2.76343
3.59809; 4.192
3.59809; 4.192
3.59809; 4.192
3.59809; 4.192
4.36732; -4.17534
4.36732; -4.17534
4.36732; -4.17534
4.36732; -4.17534
-4.80428; -2.74677
-4.80428; -2.74677
-4.80428; -2.74677
-4.80428; -2.74677
-4.03505; -1.3182
-4.03505; -1.3182
-4.03505; -1.3182
-4.03505; -1.3182
-3.26582; 0.110371
-3.26582; 0.110371
-3.26582; 0.110371
-3.26582; 0.110371
-2.49659; 1.53894
-2.49659; 1.53894
-2.49659; 1.53894
-2.49659; 1.53894
-1.72736; 2.96751
-1.72736; 2.96751
-1.72736; 2.96751
-1.72736; 2.96751
1.34957; -1.11412
1.34957; -1.11412
1.34957; -1.11412
1.34957; -1.11412
2.1188; 0.314452
2.1188; 0.314452
2.1188; 0.314452
2.1188; 0.314452
2.88803; 1.74302
2.88803; 1.74302
2.88803; 1.74302
2.88803; 1.74302
3.65726; 3.1716
3.65726; 3.1716
3.65726; 3.1716
3.65726; 3.1716
4.42649; 4.60017
4.42649; 4.60017
4.42649; 4.60017
4.42649; 4.60017
-4.74511; -3.76718
-4.74511; -3.76718
-4.74511; -3.76718
-4.74511; -3.76718
-3.97588; -2.33861
-3.97588; -2.33861
-3.97588; -2.33861
-3.97588; -2.33861
-3.20665; -0.910038
-3.20665; -0.910038
-3.20665; -0.910038
-3.20665; -0.910038
-2.43741; 0.518534
-2.43741; 0.518534
-2.43741; 0.518534
-2.43741; 0.518534
-1.66818; 1.94711
-1.66818; 1.94711
-1.66818; 1.94711
-1.66818; 1.94711
1.40874; -3.53394
1.40874; -3.53394
1.40874; -3.53394
1.40874; -3.53394
2.17797; -2.10537
2.17797; -2.10537
2.17797; -2.10537
2.17797; -2.10537
2.9472; -0.676802
2.9472; -0.676802
2.9472; -0.676802
2.9472; -0.676802
3.71643; 0.75177
3.71643; 0.75177
3.71643; 0.75177
3.71643; 0.75177
4.48566; 2.18034
4.48566; 2.18034
4.48566; 2.18034
4.48566; 2.18034
-4.68594; 3.60891
-4.68594; 3.60891
-4.68594; 3.60891
-4.68594; 3.60891
-3.9167; -4.75843
-3.9167; -4.75843
-3.9167; -4.75843
-3.9167; -4.75843
-3.14747; -3.32986
-3.14747; -3.32986
-3.14747; -3.32986
-3.14747; -3.32986
-2.37824; -1.90129
-2.37824; -1.90129
-2.37824; -1.90129
-2.37824; -1.90129
-1.60901; -0.47272
-1.60901; -0.47272
-1.60901; -0.47272
-1.60901; -0.47272
-0.0705509; 2.38442
-0.0705509; 2.38442
-0.0705509; 2.38442
-0.0705509; 2.38442
1.46791; -4.55435
1.46791; -4.55435
1.46791; -4.55435
1.46791; -4.55435
2.23714; -3.12578
2.23714; -3.12578
2.23714; -3.12578
2.23714; -3.12578
3.00637; -1.69721
3.00637; -1.69721
3.00637; -1.69721
3.00637; -1.69721
3.7756; -0.268638
3.7756; -0.268638
3.7756; -0.268638
3.7756; -0.268638
4.54483; 1.15993
4.54483; 1.15993
4.54483; 1.15993
4.54483; 1.15993
-4.62676; 2.5885
-4.62676; 2.5885
-4.62676; 2.5885
-4.62676; 2.5885
-3.85753; 4.01708
-3.85753; 4.01708
-3.85753; 4.01708
-3.85753; 4.01708
-3.0883; -4.35027
-3.0883; -4.35027
-3.0883; -4.35027
-3.0883; -4.35027
-2.31907; -2.9217
-2.31907; -2.9217
-2.31907; -2.9217
-2.31907; -2.9217
-1.54984; -1.49313
-1.54984; -1.49313
-1.54984; -1.49313
-1.54984; -1.49313
0.757852; 2.79259
0.757852; 2.79259
0.757852; 2.79259
0.757852; 2.79259
2.29631; -4.14619
2.29631; -4.14619
2.29631; -4.14619
2.29631; -4.14619
3.06554; -2.71762
3.06554; -2.71762
3.06554; -2.71762
3.06554; -2.71762
3.83477; -1.28905
3.83477; -1.28905
3.83477; -1.28905
3.83477; -1.28905
4.60401; 0.139525
4.60401; 0.139525
4.60401; 0.139525
4.60401; 0.139525
-4.56759; 1.5681
-4.56759; 1.5681
-4.56759; 1.5681
-4.56759; 1.5681
-3.79836; 2.99667
-3.79836; 2.99667
-3.79836; 2.99667
-3.79836; 2.99667
-3.02913; 4.42524
-3.02913; 4.42524
-3.02913; 4.42524
-3.02913; 4.42524
-2.2599; -3.94211
-2.2599; -3.94211
-2.2599; -3.94211
-2.2599; -3.94211
-1.49067; -2.51354
-1.49067; -2.51354
-1.49067; -2.51354
-1.49067; -2.51354
2.35548; 4.62932
2.35548; 4.62932
2.35548; 4.62932
2.35548; 4.62932
3.12472; -3.73803
3.12472; -3.73803
3.12472; -3.73803
3.12472; -3.73803
3.89395; -2.30945
3.89395; -2.30945
3.89395; -2.30945
3.89395; -2.30945
4.66318; -0.880883
4.66318; -0.880883
4.66318; -0.880883
4.66318; -0.880883
-4.50842; 0.547688
-4.50842; 0.547688
-4.50842; 0.547688
-4.50842; 0.547688
-3.73919; 1.97626
-3.73919; 1.97626
-3.73919; 1.97626
-3.73919; 1.97626
-2.96996; 3.40483
-2.96996; 3.40483
-2.96996; 3.40483
-2.96996; 3.40483
-2.20073; 4.8334
-2.20073; 4.8334
-2.20073; 4.8334
-2.20073; 4.8334
-1.4315; -4.93336
-1.4315; -4.93336
-1.4315; -4.93336
-1.4315; -4.93336
1.64543; 0.780925
1.64543; 0.780925
1.64543; 0.780925
1.64543; 0.780925
2.41466; 2.2095
2.41466; 2.2095
2.41466; 2.2095
2.41466; 2.2095
3.18389; 3.63807
3.18389; 3.63807
3.18389; 3.63807
3.18389; 3.63807
3.95312; -4.72928
3.95312; -4.72928
3.95312; -4.72928
3.95312; -4.72928
4.72235; -3.30071
4.72235; -3.30071
4.72235; -3.30071
4.72235; -3.30071
-4.44925; -1.87214
-4.44925; -1.87214
-4.44925; -1.87214
-4.44925; -1.87214
-3.68002; -0.443565
-3.68002; -0.443565
-3.68002; -0.443565
-3.68002; -0.443565
-2.91079; 0.985006
-2.91079; 0.985006
-2.91079; 0.985006
-2.91079; 0.985006
-2.14156; 2.41358
-2.14156; 2.41358
-2.14156; 2.41358
-2.14156; 2.41358
1.7046; -0.239483
1.7046; -0.239483
1.7046; -0.239483
1.7046; -0.239483
2.47383; 1.18909
2.47383; 1.18909
2.47383; 1.18909
2.47383; 1.18909
3.24306; 2.61766
3.24306; 2.61766
3.24306; 2.61766
3.24306; 2.61766
4.01229; 4.04623
4.01229; 4.04623
4.01229; 4.04623
4.01229; 4.04623
4.78152; -4.32112
4.78152; -4.32112
4.78152; -4.32112
4.78152; -4.32112
-4.39008; -2.89254
-4.39008; -2.89254
-4.39008; -2.89254
-4.39008; -2.89254
-3.62085; -1.46397
-3.62085; -1.46397
-3.62085; -1.46397
-3.62085; -1.46397
-2.85162; -0.0354018
-2.85162; -0.0354018
-2.85162; -0.0354018
-2.85162; -0.0354018
-2.08239; 1.39317
-2.08239; 1.39317
-2.08239; 1.39317
-2.08239; 1.39317
-1.31315; 2.82174
-1.31315; 2.82174
-1.31315; 2.82174
-1.31315; 2.82174
1.76377; -1.25989
1.76377; -1.25989
1.76377; -1.25989
1.76377; -1.25989
2.533; 0.168679
2.533; 0.168679
2.533; 0.168679
2.533; 0.168679
3.30223; 1.59725
3.30223; 1.59725
3.30223; 1.59725
3.30223; 1.59725
4.07146; 3.02582
4.07146; 3.02582
4.07146; 3.02582
4.07146; 3.02582
4.84069; 4.45439
4.84069; 4.45439
4.84069; 4.45439
4.84069; 4.45439
-4.33091; -3.91295
-4.33091; -3.91295
-4.33091; -3.91295
-4.33091; -3.91295
-3.56168; -2.48438
-3.56168; -2.48438
-3.56168; -2.48438
-3.56168; -2.48438
-2.79244; -1.05581
-2.79244; -1.05581
-2.79244; -1.05581
-2.79244; -1.05581
-2.02321; 0.372761
-2.02321; 0.372761
-2.02321; 0.372761
-2.02321; 0.372761
-1.25398; 1.80133
-1.25398; 1.80133
-1.25398; 1.80133
-1.25398; 1.80133
1.05371; -3.70887
1.05371; -3.70887
1.05371; -3.70887
1.05371; -3.70887
1.82294; -2.2803
1.82294; -2.2803
1.82294; -2.2803
1.82294; -2.2803
2.59217; -0.851728
2.59217; -0.851728
2.59217; -0.851728
2.59217; -0.851728
3.3614; 0.576842
3.3614; 0.576842
3.3614; 0.576842
3.3614; 0.576842
4.13063; 2.00541
4.13063; 2.00541
4.13063; 2.00541
4.13063; 2.00541
4.89986; 3.43399
4.89986; 3.43399
4.89986; 3.43399
4.89986; 3.43399
-4.27173; 4.86256
-4.27173; 4.86256
-4.27173; 4.86256
-4.27173; 4.86256
-3.5025; -4.90421
-3.5025; -4.90421
-3.5025; -4.90421
-3.5025; -4.90421
-2.73327; -3.47564
-2.73327; -3.47564
-2.73327; -3.47564
-2.73327; -3.47564
-1.96404; -2.04706
-1.96404; -2.04706
-1.96404; -2.04706
-1.96404; -2.04706
-1.19481; -0.618492
-1.19481; -0.618492
-1.19481; -0.618492
-1.19481; -0.618492
0.343651; 2.23865
0.343651; 2.23865
0.343651; 2.23865
0.343651; 2.23865
1.88211; -4.70012
1.88211; -4.70012
1.88211; -4.70012
1.88211; -4.70012
2.65134; -3.27155
2.65134; -3.27155
2.65134; -3.27155
2.65134; -3.27155
3.42057; -1.84298
3.42057; -1.84298
3.42057; -1.84298
3.42057; -1.84298
4.18981; -0.414411
4.18981; -0.414411
4.18981; -0.414411
4.18981; -0.414411
4.95904; 1.01416
4.95904; 1.01416
4.95904; 1.01416
4.95904; 1.01416
-4.97724; 2.44273
-4.97724; 2.44273
-4.97724; 2.44273
-4.97724; 2.44273
-4.20801; 3.8713
-4.20801; 3.8713
-4.20801; 3.8713
-4.20801; 3.8713
-3.43878; -4.49604
-3.43878; -4.49604
-3.43878; -4.49604
-3.43878; -4.49604
-2.66955; -3.06747
-2.66955; -3.06747
-2.66955; -3.06747
-2.66955; -3.06747
-1.90032; -1.6389
-1.90032; -1.6389
-1.90032; -1.6389
-1.90032; -1.6389
-1.13109; -0.210329
-1.13109; -0.210329
-1.13109; -0.210329
-1.13109; -0.210329
0.407374; 2.64681
0.407374; 2.64681
0.407374; 2.64681
0.407374; 2.64681
1.94584; -4.29196
1.94584; -4.29196
1.94584; -4.29196
1.94584; -4.29196
2.71507; -2.86339
2.71507; -2.86339
2.71507; -2.86339
2.71507; -2.86339
3.4843; -1.43482
3.4843; -1.43482
3.4843; -1.43482
3.4843; -1.43482
4.25353; -0.00624752
4.25353; -0.00624752
4.25353; -0.00624752
4.25353; -0.00624752
-4.91807; 1.42232
-4.91807; 1.42232
-4.91807; 1.42232
-4.91807; 1.42232
-4.14884; 2.85089
-4.14884; 2.85089
-4.14884; 2.85089
-4.14884; 2.85089
-3.37961; 4.27947
-3.37961; 4.27947
-3.37961; 4.27947
-3.37961; 4.27947
-2.61038; -4.08788
-2.61038; -4.08788
-2.61038; -4.08788
-2.61038; -4.08788
-1.84115; -2.65931
-1.84115; -2.65931
-1.84115; -2.65931
-1.84115; -2.65931
-1.07192; -1.23074
-1.07192; -1.23074
-1.07192; -1.23074
-1.07192; -1.23074
2.00501; 4.48355
2.00501; 4.48355
2.00501; 4.48355
2.00501; 4.48355
2.77424; -3.8838
2.77424; -3.8838
2.77424; -3.8838
2.77424; -3.8838
3.54347; -2.45523
3.54347; -2.45523
3.54347; -2.45523
3.54347; -2.45523
4.3127; -1.02666
4.3127; -1.02666
4.3127; -1.02666
4.3127; -1.02666
-4.8589; 0.401916
-4.8589; 0.401916
-4.8589; 0.401916
-4.8589; 0.401916
-4.08967; 1.83049
-4.08967; 1.83049
-4.08967; 1.83049
-4.08967; 1.83049
-3.32044; 3.25906
-3.32044; 3.25906
-3.32044; 3.25906
-3.32044; 3.25906
-2.55121; 4.68763
-2.55121; 4.68763
-2.55121; 4.68763
-2.55121; 4.68763
-1.78198; -3.67972
-1.78198; -3.67972
-1.78198; -3.67972
-1.78198; -3.67972
-1.01274; -2.25115
-1.01274; -2.25115
-1.01274; -2.25115
-1.01274; -2.25115
1.29495; 2.03457
1.29495; 2.03457
1.29495; 2.03457
1.29495; 2.03457
2.06418; 3.46314
2.06418; 3.46314
2.06418; 3.46314
2.06418; 3.46314
2.83341; 4.89171
2.83341; 4.89171
2.83341; 4.89171
2.83341; 4.89171
3.60264; -4.87505
3.60264; -4.87505
3.60264; -4.87505
3.60264; -4.87505
4.37187; -3.44648
4.37187; -3.44648
4.37187; -3.44648
4.37187; -3.44648
-4.79973; -2.01791
-4.79973; -2.01791
-4.79973; -2.01791
-4.79973; -2.01791
-4.0305; -0.589338
-4.0305; -0.589338
-4.0305; -0.589338
-4.0305; -0.589338
-3.26127; 0.839234
-3.26127; 0.839234
-3.26127; 0.839234
-3.26127; 0.839234
-2.49203; 2.26781
-2.49203; 2.26781
-2.49203; 2.26781
-2.49203; 2.26781
1.35412; -0.385256
1.35412; -0.385256
1.35412; -0.385256
1.35412; -0.385256
2.12335; 1.04332
2.12335; 1.04332
2.12335; 1.04332
2.12335; 1.04332
2.89258; 2.47189
2.89258; 2.47189
2.89258; 2.47189
2.89258; 2.47189
3.66181; 3.90046
3.66181; 3.90046
3.66181; 3.90046
3.66181; 3.90046
4.43104; -4.46689
4.43104; -4.46689
4.43104; -4.46689
4.43104; -4.46689
-4.74056; -3.03832
-4.74056; -3.03832
-4.74056; -3.03832
-4.74056; -3.03832
-3.97132; -1.60975
-3.97132; -1.60975
-3.97132; -1.60975
-3.97132; -1.60975
-3.20209; -0.181175
-3.20209; -0.181175
-3.20209; -0.181175
-3.20209; -0.181175
-2.43286; 1.2474
-2.43286; 1.2474
-2.43286; 1.2474
-2.43286; 1.2474
-1.66363; 2.67597
-1.66363; 2.67597
-1.66363; 2.67597
-1.66363; 2.67597
1.41329; -1.40566
1.41329; -1.40566
1.41329; -1.40566
1.41329; -1.40566
2.18252; 0.0229073
2.18252; 0.0229073
2.18252; 0.0229073
2.18252; 0.0229073
2.95175; 1.45148
2.95175; 1.45148
2.95175; 1.45148
2.95175; 1.45148
3.72098; 2.88005
3.72098; 2.88005
3.72098; 2.88005
3.72098; 2.88005
4.49021; 4.30862
4.49021; 4.30862
4.49021; 4.30862
4.49021; 4.30862
-4.68138; -4.05873
-4.68138; -4.05873
-4.68138; -4.05873
-4.68138; -4.05873
-3.91215; -2.63015
-3.91215; -2.63015
-3.91215; -2.63015
-3.91215; -2.63015
-3.14292; -1.20158
-3.14292; -1.20158
-3.14292; -1.20158
-3.14292; -1.20158
-2.37369; 0.226989
-2.37369; 0.226989
-2.37369; 0.226989
-2.37369; 0.226989
-1.60446; 1.65556
-1.60446; 1.65556
-1.60446; 1.65556
-1.60446; 1.65556
1.47246; -2.42607
1.47246; -2.42607
1.47246; -2.42607
1.47246; -2.42607
2.24169; -0.997501
2.24169; -0.997501
2.24169; -0.997501
2.24169; -0.997501
3.01092; 0.43107
3.01092; 0.43107
3.01092; 0.43107
3.01092; 0.43107
3.78015; 1.85964
3.78015; 1.85964
3.78015; 1.85964
3.78015; 1.85964
4.54939; 3.28821
4.54939; 3.28821
4.54939; 3.28821
4.54939; 3.28821
-4.62221; 4.71679
-4.62221; 4.71679
-4.62221; 4.71679
-4.62221; 4.71679
-3.85298; -3.65056
-3.85298; -3.65056
-3.85298; -3.65056
-3.85298; -3.65056
-3.08375; -2.22199
-3.08375; -2.22199
-3.08375; -2.22199
-3.08375; -2.22199
-2.31452; -0.793419
-2.31452; -0.793419
-2.31452; -0.793419
-2.31452; -0.793419
-1.54529; 0.635152
-1.54529; 0.635152
-1.54529; 0.635152
-1.54529; 0.635152
-0.776058; 2.06372
-0.776058; 2.06372
-0.776058; 2.06372
-0.776058; 2.06372
1.53163; -4.8459
1.53163; -4.8459
1.53163; -4.8459
1.53163; -4.8459
2.30087; -3.41733
2.30087; -3.41733
2.30087; -3.41733
2.30087; -3.41733
3.0701; -1.98875
3.0701; -1.98875
3.0701; -1.98875
3.0701; -1.98875
3.83933; -0.560183
3.83933; -0.560183
3.83933; -0.560183
3.83933; -0.560183
4.60856; 0.868388
4.60856; 0.868388
4.60856; 0.868388
4.60856; 0.868388
-4.56304; 2.29696
-4.56304; 2.29696
-4.56304; 2.29696
-4.56304; 2.29696
-3.79381; 3.72553
-3.79381; 3.72553
-3.79381; 3.72553
-3.79381; 3.72553
-3.02458; -4.64182
-3.02458; -4.64182
-3.02458; -4.64182
-3.02458; -4.64182
-2.25535; -3.21324
-2.25535; -3.21324
-2.25535; -3.21324
-2.25535; -3.21324
-1.48612; -1.78467
-1.48612; -1.78467
-1.48612; -1.78467
-1.48612; -1.78467
0.821575; 2.50104
0.821575; 2.50104
0.821575; 2.50104
0.821575; 2.50104
2.36004; -4.43773
2.36004; -4.43773
2.36004; -4.43773
2.36004; -4.43773
3.12927; -3.00916
3.12927; -3.00916
3.12927; -3.00916
3.12927; -3.00916
3.8985; -1.58059
3.8985; -1.58059
3.8985; -1.58059
3.8985; -1.58059
4.66773; -0.15202
4.66773; -0.15202
4.66773; -0.15202
4.66773; -0.15202
-4.50387; 1.27655
-4.50387; 1.27655
-4.50387; 1.27655
-4.50387; 1.27655
-3.73464; 2.70512
-3.73464; 2.70512
-3.73464; 2.70512
-3.73464; 2.70512
-2.96541; 4.13369
-2.96541; 4.13369
-2.96541; 4.13369
-2.96541; 4.13369
-2.19618; -4.23365
-2.19618; -4.23365
-2.19618; -4.23365
-2.19618; -4.23365
-1.42695; -2.80508
-1.42695; -2.80508
-1.42695; -2.80508
-1.42695; -2.80508
1.64998; 2.9092
1.64998; 2.9092
1.64998; 2.9092
1.64998; 2.9092
2.41921; 4.33778
2.41921; 4.33778
2.41921; 4.33778
2.41921; 4.33778
3.18844; -4.02957
3.18844; -4.02957
3.18844; -4.02957
3.18844; -4.02957
3.95767; -2.601
3.95767; -2.601
3.95767; -2.601
3.95767; -2.601
4.7269; -1.17243
4.7269; -1.17243
4.7269; -1.17243
4.7269; -1.17243
-4.4447; 0.256143
-4.4447; 0.256143
-4.4447; 0.256143
-4.4447; 0.256143
-3.67547; 1.68472
-3.67547; 1.68472
-3.67547; 1.68472
-3.67547; 1.68472
-2.90624; 3.11329
-2.90624; 3.11329
-2.90624; 3.11329
-2.90624; 3.11329
-2.13701; 4.54186
-2.13701; 4.54186
-2.13701; 4.54186
-2.13701; 4.54186
-1.36777; -3.82549
-1.36777; -3.82549
-1.36777; -3.82549
-1.36777; -3.82549
1.70915; 1.8888
1.70915; 1.8888
1.70915; 1.8888
1.70915; 1.8888
2.47838; 3.31737
2.47838; 3.31737
2.47838; 3.31737
2.47838; 3.31737
3.24761; 4.74594
3.24761; 4.74594
3.24761; 4.74594
3.24761; 4.74594
4.01684; -3.62141
4.01684; -3.62141
4.01684; -3.62141
4.01684; -3.62141
4.78607; -2.19284
4.78607; -2.19284
4.78607; -2.19284
4.78607; -2.19284
-4.38553; -0.764265
-4.38553; -0.764265
-4.38553; -0.764265
-4.38553; -0.764265
-3.61629; 0.664306
-3.61629; 0.664306
-3.61629; 0.664306
-3.61629; 0.664306
-2.84706; 2.09288
-2.84706; 2.09288
-2.84706; 2.09288
-2.84706; 2.09288
-2.07783; 3.52145
-2.07783; 3.52145
-2.07783; 3.52145
-2.07783; 3.52145
1.76832; -0.531029
1.76832; -0.531029
1.76832; -0.531029
1.76832; -0.531029
2.53755; 0.897543
2.53755; 0.897543
2.53755; 0.897543
2.53755; 0.897543
3.30678; 2.32611
3.30678; 2.32611
3.30678; 2.32611
3.30678; 2.32611
4.07601; 3.75469
4.07601; 3.75469
4.07601; 3.75469
4.07601; 3.75469
4.84524; -4.61266
4.84524; -4.61266
4.84524; -4.61266
4.84524; -4.61266
-4.32635; -3.18409
-4.32635; -3.18409
-4.32635; -3.18409
-4.32635; -3.18409
-3.55712; -1.75552
-3.55712; -1.75552
-3.55712; -1.75552
-3.55712; -1.75552
-2.78789; -0.326947
-2.78789; -0.326947
-2.78789; -0.326947
-2.78789; -0.326947
-2.01866; 1.10162
-2.01866; 1.10162
-2.01866; 1.10162
-2.01866; 1.10162
-1.24943; 2.5302
-1.24943; 2.5302
-1.24943; 2.5302
-1.24943; 2.5302
1.05826; -2.98001
1.05826; -2.98001
1.05826; -2.98001
1.05826; -2.98001
1.82749; -1.55144
1.82749; -1.55144
1.82749; -1.55144
1.82749; -1.55144
2.59672; -0.122866
2.59672; -0.122866
2.59672; -0.122866
2.59672; -0.122866
3.36595; 1.30571
3.36595; 1.30571
3.36595; 1.30571
3.36595; 1.30571
4.13518; 2.73428
4.13518; 2.73428
4.13518; 2.73428
4.13518; 2.73428
4.90442; 4.16285
4.90442; 4.16285
4.90442; 4.16285
4.90442; 4.16285
-4.26718; -4.2045
-4.26718; -4.2045
-4.26718; -4.2045
-4.26718; -4.2045
-3.49795; -2.77593
-3.49795; -2.77593
-3.49795; -2.77593
-3.49795; -2.77593
-2.72872; -1.34736
-2.72872; -1.34736
-2.72872; -1.34736
-2.72872; -1.34736
-1.95949; 0.0812159
-1.95949; 0.0812159
-1.95949; 0.0812159
-1.95949; 0.0812159
-1.19026; 1.50979
-1.19026; 1.50979
-1.19026; 1.50979
-1.19026; 1.50979
-0.421029; 2.93836
-0.421029; 2.93836
-0.421029; 2.93836
-0.421029; 2.93836
1.11743; -4.00042
1.11743; -4.00042
1.11743; -4.00042
1.11743; -4.00042
1.88666; -2.57184
1.88666; -2.57184
1.88666; -2.57184
1.88666; -2.57184
2.65589; -1.14327
2.65589; -1.14327
2.65589; -1.14327
2.65589; -1.14327
3.42513; 0.285297
3.42513; 0.285297
3.42513; 0.285297
3.42513; 0.285297
4.19436; 1.71387
4.19436; 1.71387
4.19436; 1.71387
4.19436; 1.71387
4.96359; 3.14244
4.96359; 3.14244
4.96359; 3.14244
4.96359; 3.14244
-4.97269; 4.57101
-4.97269; 4.57101
-4.97269; 4.57101
-4.97269; 4.57101
-4.20346; -3.79633
-4.20346; -3.79633
-4.20346; -3.79633
-4.20346; -3.79633
-3.43423; -2.36776
-3.43423; -2.36776
-3.43423; -2.36776
-3.43423; -2.36776
-2.665; -0.939192
-2.665; -0.939192
-2.665; -0.939192
-2.665; -0.939192
-1.89577; 0.489379
-1.89577; 0.489379
-1.89577; 0.489379
-1.89577; 0.489379
-1.12654; 1.91795
-1.12654; 1.91795
-1.12654; 1.91795
-1.12654; 1.91795
1.18116; -3.59225
1.18116; -3.59225
1.18116; -3.59225
1.18116; -3.59225
1.95039; -2.16368
1.95039; -2.16368
1.95039; -2.16368
1.95039; -2.16368
2.71962; -0.73511
2.71962; -0.73511
2.71962; -0.73511
2.71962; -0.73511
3.48885; 0.69346
3.48885; 0.69346
3.48885; 0.69346
3.48885; 0.69346
4.25808; 2.12203
4.25808; 2.12203
4.25808; 2.12203
4.25808; 2.12203
-4.91352; 3.5506
-4.91352; 3.5506
-4.91352; 3.5506
-4.91352; 3.5506
-4.14429; 4.97918
-4.14429; 4.97918
-4.14429; 4.97918
-4.14429; 4.97918
-3.37506; -4.98751
-3.37506; -4.98751
-3.37506; -4.98751
-3.37506; -4.98751
-2.60583; -3.55893
-2.60583; -3.55893
-2.60583; -3.55893
-2.60583; -3.55893
-1.8366; -2.13036
-1.8366; -2.13036
-1.8366; -2.13036
-1.8366; -2.13036
-1.06736; -0.701791
-1.06736; -0.701791
-1.06736; -0.701791
-1.06736; -0.701791
0.471097; 2.15535
0.471097; 2.15535
0.471097; 2.15535
0.471097; 2.15535
2.00956; -4.78342
2.00956; -4.78342
2.00956; -4.78342
2.00956; -4.78342
2.77879; -3.35485
2.77879; -3.35485
2.77879; -3.35485
2.77879; -3.35485
3.54802; -1.92628
3.54802; -1.92628
3.54802; -1.92628
3.54802; -1.92628
4.31725; -0.497709
4.31725; -0.497709
4.31725; -0.497709
4.31725; -0.497709
-4.85435; 0.930862
-4.85435; 0.930862
-4.85435; 0.930862
-4.85435; 0.930862
-4.08512; 2.35943
-4.08512; 2.35943
-4.08512; 2.35943
-4.08512; 2.35943
-3.31589; 3.788
-3.31589; 3.788
-3.31589; 3.788
-3.31589; 3.788
-2.54665; -4.57934
-2.54665; -4.57934
-2.54665; -4.57934
-2.54665; -4.57934
-1.77742; -3.15077
-1.77742; -3.15077
-1.77742; -3.15077
-1.77742; -3.15077
-1.00819; -1.7222
-1.00819; -1.7222
-1.00819; -1.7222
-1.00819; -1.7222
1.2995; 2.56352
1.2995; 2.56352
1.2995; 2.56352
1.2995; 2.56352
2.06873; 3.99209
2.06873; 3.99209
2.06873; 3.99209
2.06873; 3.99209
2.83796; -4.37526
2.83796; -4.37526
2.83796; -4.37526
2.83796; -4.37526
3.60719; -2.94669
3.60719; -2.94669
3.60719; -2.94669
3.60719; -2.94669
4.37642; -1.51812
4.37642; -1.51812
4.37642; -1.51812
4.37642; -1.51812
-4.79518; -0.0895457
-4.79518; -0.0895457
-4.79518; -0.0895457
-4.79518; -0.0895457
-4.02594; 1.33903
-4.02594; 1.33903
-4.02594; 1.33903
-4.02594; 1.33903
-3.25671; 2.7676
-3.25671; 2.7676
-3.25671; 2.7676
-3.25671; 2.7676
-2.48748; 4.19617
-2.48748; 4.19617
-2.48748; 4.19617
-2.48748; 4.19617
-1.71825; -4.17118
-1.71825; -4.17118
-1.71825; -4.17118
-1.71825; -4.17118
1.35867; 1.54311
1.35867; 1.54311
1.35867; 1.54311
1.35867; 1.54311
2.1279; 2.97168
2.1279; 2.97168
2.1279; 2.97168
2.1279; 2.97168
2.89713; 4.40025
2.89713; 4.40025
2.89713; 4.40025
2.89713; 4.40025
3.66636; -3.9671
3.66636; -3.9671
3.66636; -3.9671
3.66636; -3.9671
4.43559; -2.53853
4.43559; -2.53853
4.43559; -2.53853
4.43559; -2.53853
-4.736; -1.10995
-4.736; -1.10995
-4.736; -1.10995
-4.736; -1.10995
-3.96677; 0.318617
-3.96677; 0.318617
-3.96677; 0.318617
-3.96677; 0.318617
-3.19754; 1.74719
-3.19754; 1.74719
-3.19754; 1.74719
-3.19754; 1.74719
-2.42831; 3.17576
-2.42831; 3.17576
-2.42831; 3.17576
-2.42831; 3.17576
1.41784; 0.522699
1.41784; 0.522699
1.41784; 0.522699
1.41784; 0.522699
2.18707; 1.95127
2.18707; 1.95127
2.18707; 1.95127
2.18707; 1.95127
2.9563; 3.37984
2.9563; 3.37984
2.9563; 3.37984
2.9563; 3.37984
3.72554; 4.80841
3.72554; 4.80841
3.72554; 4.80841
3.72554; 4.80841
4.49477; -4.95835
4.49477; -4.95835
4.49477; -4.95835
4.49477; -4.95835
-4.67683; -3.52978
-4.67683; -3.52978
-4.67683; -3.52978
-4.67683; -3.52978
-3.9076; -2.10121
-3.9076; -2.10121
-3.9076; -2.10121
-3.9076; -2.10121
-3.13837; -0.672637
-3.13837; -0.672637
-3.13837; -0.672637
-3.13837; -0.672637
-2.36914; 0.755935
-2.36914; 0.755935
-2.36914; 0.755935
-2.36914; 0.755935
-1.59991; 2.18451
-1.59991; 2.18451
-1.59991; 2.18451
-1.59991; 2.18451
1.47701; -1.89713
1.47701; -1.89713
1.47701; -1.89713
1.47701; -1.89713
2.24625; -0.468555
2.24625; -0.468555
2.24625; -0.468555
2.24625; -0.468555
3.01548; 0.960017
3.01548; 0.960017
3.01548; 0.960017
3.01548; 0.960017
3.78471; 2.38859
3.78471; 2.38859
3.78471; 2.38859
3.78471; 2.38859
4.55394; 3.81716
4.55394; 3.81716
4.55394; 3.81716
4.55394; 3.81716
-4.61766; -4.55019
-4.61766; -4.55019
-4.61766; -4.55019
-4.61766; -4.55019
-3.84843; -3.12162
-3.84843; -3.12162
-3.84843; -3.12162
-3.84843; -3.12162
-3.0792; -1.69304
-3.0792; -1.69304
-3.0792; -1.69304
-3.0792; -1.69304
-2.30997; -0.264473
-2.30997; -0.264473
-2.30997; -0.264473
-2.30997; -0.264473
-1.54074; 1.1641
-1.54074; 1.1641
-1.54074; 1.1641
-1.54074; 1.1641
-0.771506; 2.59267
-0.771506; 2.59267
-0.771506; 2.59267
-0.771506; 2.59267
1.53619; -2.91753
1.53619; -2.91753
1.53619; -2.91753
1.53619; -2.91753
2.30542; -1.48896
2.30542; -1.48896
2.30542; -1.48896
2.30542; -1.48896
3.07465; -0.0603914
3.07465; -0.0603914
3.07465; -0.0603914
3.07465; -0.0603914
3.84388; 1.36818
3.84388; 1.36818
3.84388; 1.36818
3.84388; 1.36818
4.61311; 2.79675
4.61311; 2.79675
4.61311; 2.79675
4.61311; 2.79675
-4.55849; 4.22532
-4.55849; 4.22532
-4.55849; 4.22532
-4.55849; 4.22532
-3.78926; -4.14202
-3.78926; -4.14202
-3.78926; -4.14202
-3.78926; -4.14202
-3.02003; -2.71345
-3.02003; -2.71345
-3.02003; -2.71345
-3.02003; -2.71345
-2.2508; -1.28488
-2.2508; -1.28488
-2.2508; -1.28488
-2.2508; -1.28488
-1.48157; 0.14369
-1.48157; 0.14369
-1.48157; 0.14369
-1.48157; 0.14369
1.59536; -3.93794
1.59536; -3.93794
1.59536; -3.93794
1.59536; -3.93794
2.36459; -2.50937
2.36459; -2.50937
2.36459; -2.50937
2.36459; -2.50937
3.13382; -1.0808
3.13382; -1.0808
3.13382; -1.0808
3.13382; -1.0808
3.90305; 0.347772
3.90305; 0.347772
3.90305; 0.347772
3.90305; 0.347772
4.67228; 1.77634
4.67228; 1.77634
4.67228; 1.77634
4.67228; 1.77634
-4.49932; 3.20492
-4.49932; 3.20492
-4.49932; 3.20492
-4.49932; 3.20492
-3.73009; 4.63349
-3.73009; 4.63349
-3.73009; 4.63349
-3.73009; 4.63349
-2.96086; -3.73386
-2.96086; -3.73386
-2.96086; -3.73386
-2.96086; -3.73386
-2.19162; -2.30529
-2.19162; -2.30529
-2.19162; -2.30529
-2.19162; -2.30529
-1.42239; -0.876718
-1.42239; -0.876718
-1.42239; -0.876718
-1.42239; -0.876718
2.42376; -4.9292
2.42376; -4.9292
2.42376; -4.9292
2.42376; -4.9292
3.19299; -3.50062
3.19299; -3.50062
3.19299; -3.50062
3.19299; -3.50062
3.96222; -2.07205
3.96222; -2.07205
3.96222; -2.07205
3.96222; -2.07205
4.73145; -0.643482
4.73145; -0.643482
4.73145; -0.643482
4.73145; -0.643482
-4.44015; 0.785089
-4.44015; 0.785089
-4.44015; 0.785089
-4.44015; 0.785089
-3.67091; 2.21366
-3.67091; 2.21366
-3.67091; 2.21366
-3.67091; 2.21366
-2.90168; 3.64223
-2.90168; 3.64223
-2.90168; 3.64223
-2.90168; 3.64223
-2.13245; -4.72511
-2.13245; -4.72511
-2.13245; -4.72511
-2.13245; -4.72511
-1.36322; -3.29654
-1.36322; -3.29654
-1.36322; -3.29654
-1.36322; -3.29654
1.7137; 2.41774
1.7137; 2.41774
1.7137; 2.41774
1.7137; 2.41774
2.48293; 3.84631
2.48293; 3.84631
2.48293; 3.84631
2.48293; 3.84631
3.25216; -4.52103
3.25216; -4.52103
3.25216; -4.52103
3.25216; -4.52103
4.02139; -3.09246
4.02139; -3.09246
4.02139; -3.09246
4.02139; -3.09246
4.79062; -1.66389
4.79062; -1.66389
4.79062; -1.66389
4.79062; -1.66389
-4.38097; -0.235318
-4.38097; -0.235318
-4.38097; -0.235318
-4.38097; -0.235318
-3.61174; 1.19325
-3.61174; 1.19325
-3.61174; 1.19325
-3.61174; 1.19325
-2.84251; 2.62182
-2.84251; 2.62182
-2.84251; 2.62182
-2.84251; 2.62182
-2.07328; 4.0504
-2.07328; 4.0504
-2.07328; 4.0504
-2.07328; 4.0504
-1.30405; -4.31695
-1.30405; -4.31695
-1.30405; -4.31695
-1.30405; -4.31695
1.00364; -0.0312366
1.00364; -0.0312366
1.00364; -0.0312366
1.00364; -0.0312366
1.77287; 1.39733
1.77287; 1.39733
1.77287; 1.39733
1.77287; 1.39733
2.5421; 2.82591
2.5421; 2.82591
2.5421; 2.82591
2.5421; 2.82591
3.31133; 4.25448
3.31133; 4.25448
3.31133; 4.25448
3.31133; 4.25448
4.08056; -4.11287
4.08056; -4.11287
4.08056; -4.11287
4.08056; -4.11287
4.8498; -2.6843
4.8498; -2.6843
4.8498; -2.6843
4.8498; -2.6843
-4.3218; -1.25573
-4.3218; -1.25573
-4.3218; -1.25573
-4.3218; -1.25573
-3.55257; 0.172844
-3.55257; 0.172844
-3.55257; 0.172844
-3.55257; 0.172844
-2.78334; 1.60142
-2.78334; 1.60142
-2.78334; 1.60142
-2.78334; 1.60142
-2.01411; 3.02999
-2.01411; 3.02999
-2.01411; 3.02999
-2.01411; 3.02999
1.06281; -1.05164
1.06281; -1.05164
1.06281; -1.05164
1.06281; -1.05164
1.83204; 0.376926
1.83204; 0.376926
1.83204; 0.376926
1.83204; 0.376926
2.60127; 1.8055
2.60127; 1.8055
2.60127; 1.8055
2.60127; 1.8055
3.37051; 3.23407
3.37051; 3.23407
3.37051; 3.23407
3.37051; 3.23407
4.13974; 4.66264
4.13974; 4.66264
4.13974; 4.66264
4.13974; 4.66264
4.90897; -3.70471
4.90897; -3.70471
4.90897; -3.70471
4.90897; -3.70471
-4.26263; -2.27613
-4.26263; -2.27613
-4.26263; -2.27613
-4.26263; -2.27613
-3.4934; -0.847563
-3.4934; -0.847563
-3.4934; -0.847563
-3.4934; -0.847563
-2.72417; 0.581007
-2.72417; 0.581007
-2.72417; 0.581007
-2.72417; 0.581007
-1.95494; 2.00958
-1.95494; 2.00958
-1.95494; 2.00958
-1.95494; 2.00958
1.12199; -3.47147
1.12199; -3.47147
1.12199; -3.47147
1.12199; -3.47147
1.89122; -2.0429
1.89122; -2.0429
1.89122; -2.0429
1.89122; -2.0429
2.66045; -0.614327
2.66045; -0.614327
2.66045; -0.614327
2.66045; -0.614327
3.42968; 0.814244
3.42968; 0.814244
3.42968; 0.814244
3.42968; 0.814244
4.19891; 2.24282
4.19891; 2.24282
4.19891; 2.24282
4.19891; 2.24282
4.96814; 3.67139
4.96814; 3.67139
4.96814; 3.67139
4.96814; 3.67139
-4.96814; -4.69596
-4.96814; -4.69596
-4.96814; -4.69596
-4.96814; -4.69596
-4.19891; -3.26739
-4.19891; -3.26739
-4.19891; -3.26739
-4.19891; -3.26739
-3.42968; -1.83882
-3.42968; -1.83882
-3.42968; -1.83882
-3.42968; -1.83882
-2.66045; -0.410246
-2.66045; -0.410246
-2.66045; -0.410246
-2.66045; -0.410246
-1.89122; 1.01833
-1.89122; 1.01833
-1.89122; 1.01833
-1.89122; 1.01833
-1.12198; 2.4469
-1.12198; 2.4469
-1.12198; 2.4469
-1.12198; 2.4469
1.18571; -3.06331
1.18571; -3.06331
1.18571; -3.06331
1.18571; -3.06331
1.95494; -1.63474
1.95494; -1.63474
1.95494; -1.63474
1.95494; -1.63474
2.72417; -0.206164
2.72417; -0.206164
2.72417; -0.206164
2.72417; -0.206164
3.4934; 1.22241
3.4934; 1.22241
3.4934; 1.22241
3.4934; 1.22241
4.26263; 2.65098
4.26263; 2.65098
4.26263; 2.65098
4.26263; 2.65098
-4.90897; 4.07955
-4.90897; 4.07955
-4.90897; 4.07955
-4.90897; 4.07955
-4.13974; -4.2878
-4.13974; -4.2878
-4.13974; -4.2878
-4.13974; -4.2878
-3.37051; -2.85923
-3.37051; -2.85923
-3.37051; -2.85923
-3.37051; -2.85923
-2.60127; -1.43065
-2.60127; -1.43065
-2.60127; -1.43065
-2.60127; -1.43065
-1.83204; -0.00208235
-1.83204; -0.00208235
-1.83204; -0.00208235
-1.83204; -0.00208235
-1.06281; 1.42649
-1.06281; 1.42649
-1.06281; 1.42649
-1.06281; 1.42649
-0.293582; 2.85506
-0.293582; 2.85506
-0.293582; 2.85506
-0.293582; 2.85506
1.24488; -4.08371
1.24488; -4.08371
1.24488; -4.08371
1.24488; -4.08371
2.01411; -2.65514
2.01411; -2.65514
2.01411; -2.65514
2.01411; -2.65514
2.78334; -1.22657
2.78334; -1.22657
2.78334; -1.22657
2.78334; -1.22657
3.55257; 0.201999
3.55257; 0.201999
3.55257; 0.201999
3.55257; 0.201999
4.3218; 1.63057
4.3218; 1.63057
4.3218; 1.63057
4.3218; 1.63057
-4.8498; 3.05914
-4.8498; 3.05914
-4.8498; 3.05914
-4.8498; 3.05914
-4.08056; 4.48771
-4.08056; 4.48771
-4.08056; 4.48771
-4.08056; 4.48771
-3.31133; -3.87963
-3.31133; -3.87963
-3.31133; -3.87963
-3.31133; -3.87963
-2.5421; -2.45106
-2.5421; -2.45106
-2.5421; -2.45106
-2.5421; -2.45106
-1.77287; -1.02249
-1.77287; -1.02249
-1.77287; -1.02249
-1.77287; -1.02249
-1.00364; 0.40608
-1.00364; 0.40608
-1.00364; 0.40608
-1.00364; 0.40608
2.07328; -3.67555
2.07328; -3.67555
2.07328; -3.67555
2.07328; -3.67555
2.84251; -2.24698
2.84251; -2.24698
2.84251; -2.24698
2.84251; -2.24698
3.61174; -0.818409
3.61174; -0.818409
3.61174; -0.818409
3.61174; -0.818409
4.38097; 0.610162
4.38097; 0.610162
4.38097; 0.610162
4.38097; 0.610162
-4.79062; 2.03873
-4.79062; 2.03873
-4.79062; 2.03873
-4.79062; 2.03873
-4.02139; 3.46731
-4.02139; 3.46731
-4.02139; 3.46731
-4.02139; 3.46731
-3.25216; 4.89588
-3.25216; 4.89588
-3.25216; 4.89588
-3.25216; 4.89588
-2.48293; -4.87089
-2.48293; -4.87089
-2.48293; -4.87089
-2.48293; -4.87089
-1.7137; -3.44232
-1.7137; -3.44232
-1.7137; -3.44232
-1.7137; -3.44232
1.36322; 2.27197
1.36322; 2.27197
1.36322; 2.27197
1.36322; 2.27197
2.13245; 3.70054
2.13245; 3.70054
2.13245; 3.70054
2.13245; 3.70054
2.90168; -4.66681
2.90168; -4.66681
2.90168; -4.66681
2.90168; -4.66681
3.67091; -3.23823
3.67091; -3.23823
3.67091; -3.23823
3.67091; -3.23823
4.44015; -1.80966
4.44015; -1.80966
4.44015; -1.80966
4.44015; -1.80966
-4.73145; -0.381091
-4.73145; -0.381091
-4.73145; -0.381091
-4.73145; -0.381091
-3.96222; 1.04748
-3.96222; 1.04748
-3.96222; 1.04748
-3.96222; 1.04748
-3.19299; 2.47605
-3.19299; 2.47605
-3.19299; 2.47605
-3.19299; 2.47605
-2.42376; 3.90462
-2.42376; 3.90462
-2.42376; 3.90462
-2.42376; 3.90462
-1.65453; -4.46272
-1.65453; -4.46272
-1.65453; -4.46272
-1.65453; -4.46272
1.42239; 1.25156
1.42239; 1.25156
1.42239; 1.25156
1.42239; 1.25156
2.19163; 2.68013
2.19163; 2.68013
2.19163; 2.68013
2.19163; 2.68013
2.96086; 4.1087
2.96086; 4.1087
2.96086; 4.1087
2.96086; 4.1087
3.73009; -4.25864
3.73009; -4.25864
3.73009; -4.25864
3.73009; -4.25864
4.49932; -2.83007
4.49932; -2.83007
4.49932; -2.83007
4.49932; -2.83007
-4.67228; -1.4015
-4.67228; -1.4015
-4.67228; -1.4015
-4.67228; -1.4015
-3.90305; 0.0270724
-3.90305; 0.0270724
-3.90305; 0.0270724
-3.90305; 0.0270724
-3.13382; 1.45564
-3.13382; 1.45564
-3.13382; 1.45564
-3.13382; 1.45564
-2.36459; 2.88422
-2.36459; 2.88422
-2.36459; 2.88422
-2.36459; 2.88422
1.48157; 0.231154
1.48157; 0.231154
1.48157; 0.231154
1.48157; 0.231154
2.2508; 1.65973
2.2508; 1.65973
2.2508; 1.65973
2.2508; 1.65973
3.02003; 3.0883
3.02003; 3.0883
3.02003; 3.0883
3.02003; 3.0883
3.78926; 4.51687
3.78926; 4.51687
3.78926; 4.51687
3.78926; 4.51687
4.55849; -3.85048
4.55849; -3.85048
4.55849; -3.85048
4.55849; -3.85048
-4.61311; -2.42191
-4.61311; -2.42191
-4.61311; -2.42191
-4.61311; -2.42191
-3.84388; -0.993336
-3.84388; -0.993336
-3.84388; -0.993336
-3.84388; -0.993336
-3.07465; 0.435236
-3.07465; 0.435236
-3.07465; 0.435236
-3.07465; 0.435236
-2.30542; 1.86381
-2.30542; 1.86381
-2.30542; 1.86381
-2.30542; 1.86381
1.54074; -0.789254
1.54074; -0.789254
1.54074; -0.789254
1.54074; -0.789254
2.30997; 0.639317
2.30997; 0.639317
2.30997; 0.639317
2.30997; 0.639317
3.0792; 2.06789
3.0792; 2.06789
3.0792; 2.06789
3.0792; 2.06789
3.84843; 3.49646
3.84843; 3.49646
3.84843; 3.49646
3.84843; 3.49646
4.61766; 4.92503
4.61766; 4.92503
4.61766; 4.92503
4.61766; 4.92503
-4.55394; -4.84173
-4.55394; -4.84173
-4.55394; -4.84173
-4.55394; -4.84173
-3.78471; -3.41316
-3.78471; -3.41316
-3.78471; -3.41316
-3.78471; -3.41316
-3.01548; -1.98459
-3.01548; -1.98459
-3.01548; -1.98459
-3.01548; -1.98459
-2.24624; -0.556018
-2.24624; -0.556018
-2.24624; -0.556018
-2.24624; -0.556018
