,angles,points,dist,comp_time,connections,length
0,1,250,1.0,0.00134,0,0
1,2,250,1.0,0.00107,0,0
2,4,250,1.0,0.001141,0,0
3,8,250,1.0,0.001407,0,0
4,1,500,1.0,0.001527,0,0
5,2,500,1.0,0.000986,0,0
6,4,500,1.0,0.001341,0,0
7,8,500,1.0,0.000998,0,0
8,1,1000,1.0,0.000987,0,0
9,2,1000,1.0,0.001338,0,0
10,4,1000,1.0,0.001188,0,0
11,8,1000,1.0,0.001221,0,0
12,1,4000,1.0,0.001266,0,0
13,2,4000,1.0,0.001042,0,0
14,4,4000,1.0,0.00127,0,0
15,8,4000,1.0,0.001484,0,0
16,1,8000,1.0,0.001046,0,0
17,2,8000,1.0,0.001072,0,0
18,4,8000,1.0,0.001167,0,0
19,8,8000,1.0,0.001347,0,0
20,1,250,1.1,0.001345,0,0
21,2,250,1.1,0.001282,0,0
22,4,250,1.1,0.00107,0,0
23,8,250,1.1,0.001157,0,0
24,1,500,1.1,0.001214,0,0
25,2,500,1.1,0.001002,0,0
26,4,500,1.1,0.001758,0,0
27,8,500,1.1,0.001597,0,0
28,1,1000,1.1,0.001533,0,0
29,2,1000,1.1,0.001498,0,0
30,4,1000,1.1,0.001111,0,0
31,8,1000,1.1,0.001379,0,0
32,1,4000,1.1,0.001015,0,0
33,2,4000,1.1,0.002181,0,0
34,4,4000,1.1,0.001422,0,0
35,8,4000,1.1,0.002063,0,0
36,1,8000,1.1,0.001875,0,0
37,2,8000,1.1,0.00148,0,0
38,4,8000,1.1,0.001696,0,0
39,8,8000,1.1,0.001497,0,0
40,1,250,1.2,0.001075,0,0
41,2,250,1.2,0.001071,0,0
42,4,250,1.2,0.00148,0,0
43,8,250,1.2,0.000991,0,0
44,1,500,1.2,0.001679,0,0
45,2,500,1.2,0.001093,0,0
46,4,500,1.2,0.001231,0,0
47,8,500,1.2,0.001254,0,0
48,1,1000,1.2,0.001204,0,0
49,2,1000,1.2,0.001202,0,0
50,4,1000,1.2,0.001323,0,0
51,8,1000,1.2,0.001423,0,0
52,1,4000,1.2,0.0024,0,0
53,2,4000,1.2,0.001387,0,0
54,4,4000,1.2,0.001308,0,0
55,8,4000,1.2,0.001625,0,0
56,1,8000,1.2,0.001321,0,0
57,2,8000,1.2,0.001282,0,0
58,4,8000,1.2,0.001627,0,0
59,8,8000,1.2,0.00119,0,0
